  40.9  27.5  26.2  22.3  16.9  16.2   2.7  21.5  45.6  71.1  99.3   0.7  23.5  47.0  74.5  97.3  10.7  28.2  49.0  71.8 100.0  149   2lhb                      
  36.1  33.3  25.0  26.6  21.0  14.0   2.1  18.1  41.7  73.6  99.3   0.7  29.9  56.2  75.0 100.0   1.4  24.3  46.5  75.7  93.8  144   3sdha                     
  47.9  27.5  23.2  27.0  24.8   9.9   0.7  21.8  45.8  73.2  99.3   1.4  27.5  52.1  73.9  98.6   4.9  23.2  43.0  69.7 100.0  142   1flp                      
  45.6  25.9  23.1  28.1  17.1  13.0   0.7  18.4  45.6  81.0 100.0   1.4  23.8  46.3  68.7  99.3   4.8  25.9  57.1  69.4  91.2  147   2hbg                      
  29.2  33.8  31.2  26.1  16.3  22.2   2.6  26.0  48.1  79.2 100.0   1.3  17.5  43.5  68.8  99.4   0.6  28.6  51.9  76.0  98.7  154   2mge                      
  40.4  25.0  27.9  23.0  30.4  10.4   1.5  22.1  47.1  80.9  98.5   0.7  17.6  46.3  61.8  91.9   9.6  27.9  61.0  79.4 100.0  136   1eca                      
  33.3  39.2  21.6  22.4  15.8  17.1   0.7  25.5  53.6  76.5 100.0   2.0  24.8  46.4  70.6  96.7   7.8  19.0  44.4  72.5  97.4  153   2gdm                      
  32.2  42.5  25.3  29.7  17.2  20.7   2.7  19.9  47.3  64.4  97.3   0.7  21.2  53.4  74.7  96.6   1.4  28.1  48.6  79.5 100.0  146   1babb                     
  39.7  31.2  24.8  27.1  16.4  12.9   0.7  25.5  55.3  80.1  98.6   1.4  29.1  51.1  76.6  97.2   5.7  22.7  39.7  68.8 100.0  141   1itha                     
  26.5  36.1  34.7  18.5  21.9  25.3   0.7  17.7  49.0  68.0  96.6   1.4  25.2  47.6  72.1  99.3   2.0  23.8  50.3  76.2 100.0  147   1ash                      
  35.0  34.4  26.1  22.4  22.4  18.6   0.6  22.9  47.1  71.3 100.0   2.5  29.9  56.1  77.1  98.1  10.8  21.7  43.3  72.6  99.4  157   1hlb                      
  45.1  29.0  21.0  32.3  18.0  11.2   1.9  22.2  41.4  69.8 100.0   2.5  27.2  52.5  76.5  99.4   0.6  19.8  51.2  74.1  96.3  162   1cpca                     
  46.5  29.7  18.6  32.2  17.5   9.9   1.7  26.2  55.8  80.2 100.0   1.2  23.3  41.9  68.6  99.4   0.6  22.1  48.8  68.0  96.5  172   1cpcb                     
  29.5  37.2  24.4  29.9  16.9  23.4   2.6  23.1  50.0  75.6  98.7   1.3  20.5  47.4  69.2  97.4   6.4  17.9  46.2  65.4 100.0  78   1grj1                      
  20.0  54.5  23.6  27.5  11.0  22.9   2.7  23.6  55.5  70.0  99.1   1.8  28.2  49.1  79.1 100.0   0.9  13.6  39.1  65.5  96.4  110   1srya1                    
  30.5  37.8  25.6  24.7  18.5  18.5   1.2  18.3  43.9  70.7  98.8   3.7  19.5  48.8  79.3 100.0   2.4  30.5  37.8  69.5  93.9  82   1isca1                     
  35.1  34.2  27.0  23.6  20.0  21.8   0.9  20.7  44.1  64.0 100.0   4.5  22.5  55.9  71.2  97.3   2.7  23.4  55.0  73.9  96.4  111   1ccr                      
  39.5  31.5  26.6  19.5  24.4  17.9   2.4  21.8  40.3  66.1  97.6   0.8  14.5  47.6  70.2 100.0   8.1  43.5  61.3  79.8  99.2  124   1cxa                      
  36.6  39.0  20.7  40.7  11.1  14.8   2.4  29.3  47.6  69.5  97.6   1.2  15.9  53.7  76.8  98.8   8.5  19.5  34.1  59.8 100.0  82   2pac                       
  38.1  35.4  23.8  26.7  19.2  19.2   0.7  28.6  55.8  74.1  97.3   1.4  24.5  38.8  70.1 100.0   2.7  21.1  53.1  79.6  98.6  147   2mtac                     
  43.0  24.1  32.9  17.9  29.5  16.7   1.3  19.0  39.2  63.3  97.5   7.6  16.5  45.6  74.7 100.0   8.9  34.2  55.7  79.7  98.7  79   1c53                       
  38.8  31.2  25.0  25.3  22.8  17.7   3.8  21.2  41.2  72.5  96.2   1.2  12.5  33.8  50.0 100.0   7.5  43.8  67.5  85.0  97.5  80   1fcdc1                     
  36.2  31.9  30.9  17.2  20.4  26.9   1.1  12.8  44.7  81.9  97.9   3.2  27.7  50.0  75.5 100.0   2.1  24.5  54.3  69.1  95.7  94   1fcdc2                     
  20.4  40.7  33.3  18.9  11.3  26.4   7.4   9.3  22.2  63.0  96.3   3.7  25.9  48.1  66.7  90.7   1.9  24.1  42.6  81.5  98.1  54   1enh                       
  22.1  46.8  28.6  30.3   9.2  25.0   6.5  19.5  55.8  66.2  96.1   7.8  28.6  45.5  71.4  94.8   1.3  16.9  46.8  85.7 100.0  77   1lfb                       
  20.3  35.6  37.3  13.8  19.0  27.6   5.1  27.1  49.2  67.8 100.0  15.3  25.4  45.8  64.4  96.6   1.7  10.2  44.1  79.7  98.3  59   1aplc                      
  14.8  42.6  34.4  16.7   6.7  31.7   9.8  11.5  24.6  36.1  57.4  14.8  34.4  54.1  72.1 100.0   1.6   8.2  41.0  78.7  95.1  61   1hdp                       
  22.0  34.0  32.0  14.3  14.3  22.4   6.0  26.0  60.0  70.0  88.0   2.0  18.0  32.0  48.0 100.0   4.0  28.0  58.0  80.0  98.0  50   1hcra                      
  32.6  27.9  30.2  19.0  26.2  11.9   2.3  20.9  48.8  62.8  97.7  25.6  30.2  44.2  88.4 100.0   4.7   9.3  32.6  60.5  86.0  43   1ret                       
  14.5  38.2  40.0  11.1  18.5  37.0   9.1  14.5  41.8  56.4  70.9   3.6  23.6  43.6  80.0  98.2   1.8  25.5  49.1  72.7 100.0  55   1msec1                     
  28.0  28.0  36.0  22.4  22.4  16.3   4.0  10.0  48.0  68.0  90.0  12.0  16.0  50.0  62.0 100.0   2.0  26.0  46.0  82.0  98.0  50   1msec2                     
  31.9  36.1  23.6  23.9  23.9  14.1   4.2  23.6  44.4  70.8  90.3   5.6  19.4  55.6  76.4 100.0   1.4  16.7  38.9  63.9  93.1  72   1leb                       
  32.4  36.8  19.1  29.9  22.4  13.4   1.5  13.2  36.8  66.2  95.6   2.9  19.1  50.0  73.5 100.0   7.4  29.4  42.6  70.6  94.1  68   3gapb2                     
  39.2  23.0  29.7  20.5  24.7  17.8   1.4  20.3  44.6  75.7  98.6   4.1  33.8  58.1  71.6  97.3   2.7  23.0  45.9  67.6 100.0  74   1hsta                      
  27.4  34.0  32.1  16.2  17.1  21.9   0.9  16.0  30.2  67.9  95.3   3.8  23.6  43.4  70.8  96.2   6.6  31.1  60.4  82.1 100.0  106   1hks                      
  37.8  35.1  21.6  30.6  13.9  19.4   5.4  27.0  48.6  62.2  86.5   2.7  21.6  35.1  75.7 100.0  16.2  18.9  54.1  81.1  97.3  37   1bbl                       
  37.2  30.2  25.6  21.4  19.0  23.8   7.0  34.9  58.1  86.0 100.0   2.3  16.3  46.5  62.8  90.7   9.3  18.6  27.9  60.5  88.4  43   2pde                       
  32.5  47.5  15.0  35.9   7.7   7.7   2.5  15.0  35.0  55.0  85.0   7.5  22.5  40.0  70.0 100.0  62.5  62.5  75.0  77.5  97.5  40   1erl                       
  35.0  42.5  17.5  30.8  17.9  12.8   2.5  20.0  45.0  75.0  95.0   5.0  17.5  50.0  70.0 100.0   7.5   7.5  35.0  47.5  65.0  40   1erd                       
  21.1  65.8  13.2  29.7   5.4  21.6   2.6  15.8  36.8  60.5  76.3   5.3  23.7  44.7  73.7 100.0  42.1  42.1  47.4  63.2  84.2  38   1erp                       
  29.2  45.8  25.0  28.0  14.0  21.0   0.7  27.8  54.2  74.3 100.0   1.4  20.8  43.8  69.4  97.9   2.1  27.1  50.7  81.9  97.2  144   1lpe                      
  35.6  39.7  22.6  33.1  16.6  15.2   3.4  29.5  45.9  74.0  99.3   1.4  18.5  53.4  74.7  98.6   0.7  26.7  50.0  72.6 100.0  146   1was                      
  36.8  35.8  24.5  31.4  15.2  18.1   0.9  22.6  41.5  69.8  94.3   2.8  15.1  45.3  73.6  97.2   6.6  31.1  57.5  80.2 100.0  106   256ba                     
  42.5  33.9  22.0  30.2  21.4  19.8   1.6  29.1  54.3  76.4 100.0   0.8  14.2  42.5  69.3  99.2   2.4  22.0  46.5  74.0  98.4  127   2ccya                     
  31.0  29.2  32.7  17.9  22.3  17.9   0.9  20.4  46.0  75.2  98.2   2.7  26.5  40.7  54.0  88.5   1.8  23.0  59.3  77.0  99.1  113   2hmza                     
  37.0  39.0  18.2  26.8  12.4  16.3   0.6  24.0  55.8  76.6 100.0   4.5  23.4  44.8  65.6  98.1   1.3  29.9  44.2  72.7  98.7  154   2tmvp                     
  37.7  26.6  27.9  18.3  25.5  17.0   0.6  16.9  45.5  64.3  98.1  10.4  25.3  44.8  73.4  96.1   2.6  26.0  47.4  79.9 100.0  154   3mdda1                    
  24.7  41.1  26.6  22.3  14.0  23.6   1.9  30.4  57.0  71.5 100.0   4.4  25.3  48.7  77.2  99.4   0.6  19.6  36.1  70.9  98.1  158   1bcfa                     
  26.7  41.3  28.5  22.2  15.2  28.1   0.6  22.1  51.2  76.2 100.0   1.7  26.7  54.1  72.7  99.4   2.9  22.7  39.0  72.1  98.3  172   1fha                      
  27.6  38.8  25.6  24.2  19.8  18.0   0.3  26.5  50.9  74.7  99.1   2.9  25.6  52.1  77.4 100.0   0.6  18.2  48.8  70.9  99.4  340   1riba                     
  34.1  32.3  29.9  24.5  21.4  20.1   1.3  23.2  48.2  78.1  99.5   0.3  22.9  52.1  72.9  99.7   0.5  24.2  45.8  71.4 100.0  384   1mmob                     
  29.9  36.7  29.5  24.3  18.6  22.7   0.2  24.4  45.7  68.6  99.8   0.6  24.2  49.4  77.5  99.4   0.8  23.4  54.9  73.6 100.0  512   1mmod                     
  32.7  47.2  17.6  27.8  12.0  15.8   3.1  34.6  58.5  77.4 100.0   0.6  20.8  39.6  62.9  97.5   3.8  22.6  66.7  83.6  99.4  159   1bgeb                     
  27.3  46.5  22.7  26.9  12.9  19.3   1.2  22.1  48.3  67.4  99.4   0.6  26.2  54.1  73.8  98.8   4.1  25.6  45.3  75.6 100.0  172   1lki                      
  27.7  45.8  22.3  26.1  17.6  23.6   1.8  20.5  57.2  74.1  99.4   1.2  28.9  48.8  71.7  98.8   0.6  21.1  51.8  80.1 100.0  166   1huw                      
  27.7  45.4  22.7  28.0  13.6  20.3   0.8  22.7  44.5  65.5  97.5   1.7  20.2  43.7  72.3 100.0   7.6  26.9  57.1  69.7  99.2  119   1gmfa                     
  29.5  38.0  27.9  23.4  13.3  25.0   3.1  23.3  38.8  71.3 100.0   2.3  20.2  51.2  76.7  98.4   0.8  36.4  57.4  70.5  97.7  129   1rcb                      
  24.5  44.8  25.9  20.4  19.7  23.9   0.7  15.4  42.7  67.1  98.6   1.4  27.3  53.8  77.6 100.0   2.1  28.7  45.5  72.0  97.9  143   1hmcb                     
  21.2  43.0  31.1  21.3  20.0  26.7   1.3  17.2  37.7  72.2  96.7   0.7  25.2  45.7  68.2 100.0   3.3  19.9  59.6  80.1  99.3  151   1ilk                      
  17.6  43.4  34.0  10.8  14.6  34.2   6.3  29.6  45.3  69.2  96.9   1.9  17.0  47.2  64.2 100.0   0.6  27.0  58.5  79.9  98.7  159   1ifa                      
  21.8  38.7  28.6  19.5  11.9  23.7   1.7  19.3  39.5  70.6 100.0   0.8  22.7  50.4  75.6  99.2   3.4  24.4  46.2  67.2  98.3  119   1rfba                     
  28.2  39.4  29.6  24.3  20.0  22.9   1.4  31.0  43.7  59.2  98.6   2.8  19.7  56.3  83.1 100.0  11.3  21.1  45.1  74.6  93.0  71   1pou                       
  31.0  41.4  21.8  34.9  12.8  19.8   3.4  31.0  47.1  66.7 100.0   1.1  20.7  48.3  73.6  98.9  12.6  19.5  40.2  74.7  95.4  87   1lmb3                      
  27.7  38.5  27.7  29.7  12.5  23.4   4.6  27.7  41.5  63.1 100.0   3.1  29.2  52.3  75.4  95.4   1.5  15.4  38.5  69.2  96.9  65   2cro                       
  30.3  42.1  23.7  40.0  13.3  16.0   3.9  30.3  53.9  78.9  98.7   2.6  36.8  59.2  76.3  97.4   1.3  14.5  23.7  50.0 100.0  76   1adr                       
  36.4  25.8  30.3  23.1  24.6  20.0   9.1  28.8  50.0  72.7 100.0   3.0  24.2  47.0  80.3  92.4   1.5  18.2  39.4  62.1  95.5  66   1croa                      
  25.0  50.0  22.4  24.0  13.3  22.7   3.9  21.1  51.3  72.4  98.7   5.3  30.3  50.0  71.1 100.0   1.3  14.5  34.2  67.1  96.1  76   4icb                       
  45.9  21.1  27.5  19.4  26.9  12.0   0.9  19.3  56.0  77.1 100.0   4.6  30.3  55.0  78.0  99.1   1.8  24.8  40.4  62.4  93.6  109   1rtp1                     
  35.3  32.4  20.6  24.2  21.2   6.1   5.9  26.5  52.9  79.4 100.0   8.8  11.8  23.5  73.5  88.2   2.9   2.9  32.4  44.1  91.2  34   1ctaa                      
  27.0  37.3  29.2  18.5  19.6  23.4   1.1  28.1  45.9  67.0  89.2   0.5  16.8  48.6  73.0  99.5   1.6  25.9  47.6  77.3 100.0  185   1rec                      
  37.4  30.5  27.6  23.7  23.1  17.3   0.6  26.4  50.6  76.4  98.3   1.7  32.2  53.4  75.3 100.0   2.3  16.1  39.1  68.4  97.7  174   2scpa                     
  33.5  34.6  28.1  23.4  17.4  23.9   0.5  25.4  48.1  75.7  98.4   1.1  31.9  56.8  76.2 100.0   2.7  18.9  42.7  70.3  99.5  185   2sas                      
  34.9  36.9  24.8  31.1  16.9  20.9   0.7  18.1  49.7  72.5  99.3   1.3  26.8  48.3  78.5 100.0   6.0  23.5  46.3  65.1  98.0  149   2scmc                     
  15.0  50.0  32.5  20.5  10.3  30.8  35.0  35.0  60.0  65.0  95.0   5.0  22.5  40.0  67.5  92.5   2.5  17.5  42.5  75.0 100.0  40   1mylb                      
  27.9  39.4  26.0  20.4  17.5  22.3   1.0  17.3  50.0  70.2  97.1   1.9  28.8  51.0  68.3  99.0   2.9  16.3  41.3  75.0 100.0  104   1cmca                     
  23.3  36.8  33.8  18.9  17.4  30.3   2.3  33.8  56.4  82.7  98.5   0.8  16.5  35.3  65.4  99.2   6.8  31.6  50.4  76.7 100.0  133   2gsta2                    
  28.5  44.6  23.1  26.4  13.2  27.1   0.8  19.2  47.7  71.5  98.5   3.1  28.5  49.2  70.0 100.0   1.5  22.3  38.5  76.9  99.2  130   1gsra2                    
  27.6  42.5  26.0  29.4  11.9  22.2   1.6  16.5  48.0  60.6  99.2   0.8  26.8  47.2  73.2  97.6   3.1  24.4  54.3  83.5 100.0  127   1gsq2                     
  32.2  45.6  15.6  31.5  14.6  16.9   2.2  22.2  44.4  63.3  97.8   3.3  23.3  45.6  72.2 100.0   5.6  17.8  48.9  65.6  98.9  90   1lpt                       
  31.4  45.5  19.0  30.0  11.7  21.7   1.7  20.7  52.9  75.2  99.2   0.8  28.1  54.5  77.7 100.0   7.4  18.2  37.2  62.8  92.6  121   1bip                      
  42.1  24.8  29.0  25.7  22.9  15.3   2.8  24.8  49.7  75.9  98.6   3.4  33.8  57.2  80.7 100.0   1.4  19.3  44.1  65.5  94.5  145   1ezm2                     
  42.9  28.6  21.1  31.2  17.5  12.5   3.7  28.0  49.7  77.0  98.8   1.9  18.0  51.6  77.6  99.4   1.2  29.8  47.2  69.6 100.0  161   8tlne2                    
  32.3  36.1  28.2  22.8  19.3  22.8   1.7  22.3  47.1  71.1  99.7   0.3  28.2  53.6  73.2 100.0   1.0  23.7  52.2  76.6  97.6  291   7ccp                      
  39.7  35.6  19.2  34.8  16.1  12.6   0.3  20.1  48.1  72.0 100.0   0.9  30.6  53.1  77.6  99.1   2.0  21.6  45.8  71.7  99.7  343   1lgaa                     
  32.0  39.8  26.2  32.4  19.6  17.6   3.9  22.3  45.6  70.9 100.0   1.0  28.2  54.4  74.8  99.0   4.9  16.5  42.7  68.0  95.1  103   1mypa                     
  26.6  42.9  24.9  24.7  13.9  21.0   0.9  24.7  47.2  77.3  99.8   0.2  21.0  49.1  72.5  99.4   2.8  31.2  50.2  74.9 100.0  462   1mypc                     
  28.9  42.0  23.0  25.0  16.1  20.0   0.7  25.7  52.3  78.0  99.8   0.2  24.0  46.7  70.6 100.0   2.0  23.2  47.9  73.8  99.5  405   2cp4                      
  28.4  39.4  27.4  23.2  18.0  23.2   0.2  24.3  49.7  73.3 100.0   0.9  27.4  53.2  75.3  99.6   0.7  21.9  44.9  75.5  98.9  457   2hpda                     
  34.0  34.0  26.0  23.8  19.2  16.5   0.5  25.0  51.2  70.1 100.0   1.9  26.2  48.1  79.4  98.5   0.2  25.5  49.5  77.9  99.8  412   1cpt                      
  35.1  29.9  32.1  24.8  20.3  20.3   3.7  21.6  41.0  59.7  97.0   3.0  23.1  52.2  76.1  97.8   2.2  25.4  60.4  83.6 100.0  134   1poc                      
  35.6  37.3  23.7  28.2  19.7  21.4  10.2  27.1  55.9  73.7  98.3   0.8  30.5  46.6  75.4 100.0   2.5  16.1  43.2  58.5  99.2  118   1poa                      
  26.4  36.4  33.1  14.2  20.0  23.3   0.8  18.2  33.1  59.5  99.2   1.7  23.1  57.9  72.7 100.0   5.8  34.7  52.9  85.1  96.7  121   1ppa                      
  12.9  54.8  32.3  13.3  10.0  26.7  22.6  22.6  45.2  77.4 100.0  12.9  29.0  41.9  67.7  96.8   3.2   6.5  48.4  58.1  90.3  31   2ztaa                      
  47.8  23.9  15.2  26.7  13.3   8.9   2.2  15.2  37.0  60.9 100.0   4.3  17.4  58.7  71.7  93.5  41.3  41.3  54.3  91.3  97.8  46   1pfia                      
  15.0  31.7  41.7  11.9  18.6  33.9   5.0  11.7  25.0  45.0  91.7   3.3  41.7  60.0  78.3 100.0   1.7  23.3  40.0  76.7  96.7  60   1scma                      
  40.4  32.9  20.7  22.6  17.0  15.1   1.9  26.3  47.4  76.5  97.2   0.9  21.6  52.6  72.8 100.0   1.4  24.4  54.9  80.8  98.6  213   6fabl                     
  26.7  45.6  25.7  26.3  15.6  26.3   1.0  25.2  54.9  79.1  99.5   0.5  22.3  46.6  71.4 100.0   1.9  24.8  47.1  75.2  98.1  206   1fc2d                     
  32.6  42.7  19.1  30.5  13.0  14.7   3.4  25.3  55.6  71.3 100.0   1.7  29.2  53.9  77.0  99.4   0.6  15.2  33.1  60.1  96.1  178   3cd4                      
  29.4  48.6  18.1  31.8  10.8  16.5   0.6  19.2  41.2  65.5  97.7   5.1  31.1  56.5  77.4 100.0   3.4  20.3  46.9  73.4  98.3  177   1cid                      
  31.8  32.4  28.5  23.0  15.7  21.9   0.6  16.2  45.3  74.9  97.8   1.1  29.6  59.2  77.1  99.4   3.9  25.7  43.6  73.7 100.0  179   1hnf                      
  21.8  50.5  24.8  25.0   9.0  23.0   2.0  28.7  49.5  75.2 100.0   3.0  16.8  37.6  70.3  97.0  18.8  41.6  64.4  79.2  98.0  101   1dlha2                    
  27.6  48.0  22.4  27.8  10.3  19.6   8.2  29.6  54.1  76.5 100.0   3.1  21.4  46.9  74.5  96.9   1.0  13.3  39.8  64.3  99.0  98   1dlhb                      
  28.6  42.9  26.4  24.4  16.7  22.2   1.1  18.7  41.8  61.5  96.7   2.2  29.7  51.6  78.0  97.8   3.3  16.5  49.5  80.2 100.0  91   1vaaa2                     
  25.3  34.3  33.3  14.3  28.6  25.5   4.0  52.5  66.7  77.8  99.0   2.0  16.2  32.3  50.5  93.9   3.0  31.3  54.5  78.8 100.0  99   1vaab                      
  33.3  40.4  25.4  29.2  13.3  20.4   0.9  27.2  51.8  66.7 100.0   1.8  19.3  43.0  69.3  99.1   2.6  32.5  59.6  79.8  97.4  114   1cd8                      
  34.0  39.8  23.3  31.4  15.7  14.7   1.9  25.2  59.2  76.7  99.0   1.0  22.3  48.5  71.8  98.1   4.9  13.6  40.8  53.4 100.0  103   1tlk                      
  38.5  36.3  22.0  32.2  16.7  14.4   4.4  24.2  47.3  70.3  96.7   3.3  29.7  51.6  80.2  98.9   1.1  13.2  39.6  59.3 100.0  91   1tnn                       
  45.1  29.4  18.6  28.7  15.8  13.9   1.0  23.5  42.2  70.6  99.0   2.0  35.3  58.8  76.5 100.0   5.9  17.6  43.1  78.4  97.1  102   1gof1                     
  48.2  28.2  16.5  29.8  16.7  14.3   1.2  27.1  45.9  69.4  97.6   3.5  20.0  61.2  81.2 100.0   8.2  16.5  40.0  63.5  96.5  85   1cgt1                      
  29.4  35.5  30.7  24.2  21.6  20.3   1.3  28.9  51.8  74.1  97.4   0.4  16.7  43.9  65.4  95.2   0.9  22.8  51.3  82.9 100.0  228   1oxy1                     
  39.0  28.0  24.0  20.2  20.2  15.2   3.0  26.0  52.0  70.0  95.0   2.0  23.0  49.0  81.0  97.0   4.0  21.0  45.0  72.0  99.0  100   1clc1                     
  46.8  33.0  16.5  25.0  12.0  15.7   0.9  22.9  49.5  75.2 100.0   2.8  26.6  43.1  78.9  98.2   4.6  13.8  42.2  70.6  79.8  109   1ctn1                     
  27.7  42.6  16.8  25.0  15.0  11.0   1.0  29.7  44.6  67.3 100.0   4.0  18.8  46.5  76.2  98.0   3.0  23.8  35.6  68.3  79.2  101   1ncia                     
  55.4  33.9   8.0  44.1   6.3   8.1   0.9  21.4  50.0  75.0 100.0   1.8  17.9  36.6  67.9  95.5  27.7  28.6  59.8  64.3  99.1  112   2mcm                      
  43.3  34.0  18.0  35.6  14.1  14.1   2.0  26.0  53.3  76.0  99.3   0.7  16.0  43.3  70.7 100.0   1.3  27.3  41.3  69.3  98.7  150   1xsoa                     
  46.2  29.7  16.5  33.3  16.7   7.8   1.1  20.9  52.7  72.5  97.8   3.3  14.3  42.9  64.8  98.9  18.7  28.6  47.3  74.7  96.7  91   1fna                       
  41.6  32.6  16.9  33.0  18.2   9.1   2.2  19.1  48.3  73.0 100.0   1.1  20.2  46.1  68.5  95.5  11.2  24.7  49.4  83.1  97.8  89   1ten                       
  38.0  34.0  21.0  24.2  18.2  18.2   4.0  29.0  53.0  81.0  99.0   2.0  16.0  41.0  67.0 100.0  10.0  32.0  51.0  72.0  93.0  100   1cfb1                     
  28.9  37.8  27.8  24.7  15.7  24.7   5.6  23.3  55.6  80.0  95.6   1.1  24.4  47.8  75.6 100.0   3.3  16.7  35.6  61.1  92.2  90   3hhr1                      
  23.6  45.3  26.4  23.8  12.4  26.7   1.9  17.0  35.8  67.0  96.2   0.9  23.6  48.1  75.5  99.1   8.5  36.8  53.8  76.4 100.0  106   3hhr2                     
  32.7  40.8  23.5  24.7  17.5  21.6   1.0  18.4  50.0  68.4  95.9   2.0  26.5  57.1  82.7 100.0   7.1  17.3  43.9  69.4  98.0  98   2hft1                      
  30.3  40.3  21.8  27.1  15.3  20.3   0.8  14.3  43.7  62.2 100.0   1.7  28.6  47.9  75.6  98.3   5.0  22.7  57.1  76.5  97.5  119   3dpa1                     
  29.6  37.8  28.9  20.9  20.9  20.9   0.7  23.0  43.0  75.6 100.0   3.7  20.7  42.2  65.9  98.5   5.9  38.5  51.9  76.3  96.3  135   1rsy                      
  23.2  40.4  29.3  19.4  23.5  24.5   4.0  43.4  61.6  76.8  99.0   2.0  20.2  36.4  69.7  93.9   3.0  26.3  56.6  78.8 100.0  99   1frub                      
  39.3  35.0  23.4  32.9  19.2  16.0   0.5  27.1  50.9  73.8  97.2   0.9  22.4  59.3  79.4  99.5   1.4  22.0  37.9  66.8 100.0  214   8fabb                     
  34.8  31.6  25.2  27.3  22.1  16.9   0.6  20.6  45.8  74.2 100.0   1.3  28.4  46.5  69.0  98.1   2.6  23.2  51.6  72.9  99.4  155   1ddt3                     
  51.8  34.5  12.7  38.5  14.7  11.0   0.9  28.2  51.8  74.5 100.0   4.5  16.4  44.5  66.4  99.1  10.9  19.1  40.0  65.5  90.9  110   1exg                      
  25.1  44.9  22.2  26.5  12.0  23.5   3.0  25.1  50.3  80.2  99.4   1.2  21.6  44.3  67.7 100.0   0.6  29.9  56.3  76.6  98.8  167   1ctm1                     
  41.3  35.6  20.2  27.2   8.7  16.5   1.0  24.0  42.3  80.8  96.2   3.8  19.2  41.3  63.5 100.0   7.7  43.3  54.8  69.2  99.0  104   1cgt2                     
  37.3  33.9  24.6  23.9  15.4  18.8   8.5  27.1  50.0  78.0  97.5   1.7  16.9  45.8  72.0  99.2   0.8  22.0  51.7  67.8 100.0  118   1etb1                     
  32.5  40.0  21.5  28.1  17.1  19.6   4.0  23.0  47.5  67.0  99.5   0.5  21.0  43.0  75.0  98.0   8.0  32.0  55.0  83.0 100.0  200   2pcda                     
  30.9  35.6  26.2  26.7  18.1  17.2   0.9  20.6  47.2  70.0  98.7   0.4  27.5  49.4  79.0 100.0   3.0  25.3  48.1  68.7  99.6  233   2pcdm                     
  38.4  36.4  19.2  33.7  16.3  18.4   2.0  17.2  49.5  69.7  98.0   3.0  25.3  50.5  74.7 100.0  14.1  29.3  54.5  80.8  96.0  99   1plc                       
  32.5  37.4  27.6  27.9  18.9  20.5   0.8  23.6  43.1  69.1  97.6   1.6  20.3  52.8  79.7 100.0   4.9  26.0  55.3  68.3  96.7  123   1pmy                      
  34.3  34.3  27.6  27.9  15.4  21.2   1.0  16.2  40.0  73.3  95.2   5.7  31.4  51.4  72.4 100.0   1.9  34.3  54.3  78.1  96.2  105   1aaj                      
  40.3  29.5  27.9  30.5  25.0  21.9   0.8  32.6  53.5  72.9  99.2   1.6  16.3  41.1  70.5 100.0  10.1  26.4  43.4  83.7  97.7  129   2azaa                     
  31.4  36.0  27.9  21.2  21.2  20.0   2.3  19.8  51.2  65.1  98.8   4.7  29.1  41.9  74.4 100.0   1.2  15.1  33.7  72.1  93.0  86   1cbp                       
  31.0  36.4  25.6  26.6  13.3  14.8   0.8  32.6  57.4  76.7  97.7   1.6  18.6  40.3  71.3 100.0   3.1  10.9  47.3  78.3  99.2  129   1aoza1                    
  34.0  36.4  23.0  25.0  17.3  13.0   2.4  27.8  54.1  76.6  99.0   0.5  23.0  51.7  76.1  99.5   1.0  22.0  41.1  74.6 100.0  209   1aoza2                    
  25.7  43.0  25.7  23.5  16.9  20.7   6.5  29.9  56.1  76.2  96.3   0.5  22.0  44.4  69.6 100.0   1.9  22.4  51.4  73.4  99.1  214   1aoza3                    
  31.4  40.3  23.9  24.1  14.6  25.3   0.6  28.9  59.1  71.7  98.7   3.1  24.5  47.2  70.4  99.4   4.4  21.4  45.9  78.6 100.0  159   1nrd1                     
  37.4  38.9  18.3  31.5  13.8  13.1   0.8  22.1  48.9  70.2  99.2   1.5  28.2  47.3  71.8  96.9   6.1  13.7  42.7  77.9 100.0  131   1htp                      
  28.8  48.8  15.0  32.9   8.9  12.7   1.2  20.0  53.8  83.8  98.8   3.8  31.2  48.8  71.2  97.5   2.5   6.2  26.2  52.5 100.0  80   1lac                       
  32.3  41.8  16.5  30.6  12.7  15.3   5.1  24.7  51.9  72.8  96.8   0.6  18.4  54.4  75.9 100.0   7.6  22.8  47.5  64.6  98.7  158   1gpr                      
  44.6  33.9  16.1  27.9  10.8  14.4   0.9  23.2  58.0  78.6  99.1   5.4  25.0  46.4  72.3 100.0   4.5  14.3  33.9  39.3  96.4  112   1cgt4                     
  47.1  29.4  17.6  24.8  13.9  13.9   1.0  26.5  46.1  67.6  97.1   6.9  37.3  65.7  79.4 100.0   2.0   9.8  23.5  53.9  98.0  102   6taa2                     
  44.1  31.2  18.3  32.6  18.5  15.2   1.1  32.3  52.7  75.3  98.9   2.2  16.1  40.9  62.4  97.8   4.3  18.3  29.0  68.8 100.0  93   1ppi2                      
  49.2  37.3  11.9  39.7  12.1   5.2   3.4  18.6  37.3  69.5  91.5  25.4  40.7  57.6  79.7  98.3   1.7   1.7  15.3  76.3 100.0  59   1amg2                      
  32.1  35.7  23.2  29.1  14.5  21.8   7.1  23.2  51.8  73.2  92.9   3.6  17.9  46.4  66.1  98.2   1.8  28.6  55.4  76.8 100.0  56   1amy2                      
  33.6  34.1  26.8  21.0  17.5  17.9   0.9  22.4  48.0  71.8 100.0   0.2  28.0  51.1  76.2  97.9   1.9  28.2  50.6  77.4  99.5  425   2bpa1                     
  36.6  38.3  21.1  25.9  14.4  15.5   2.3  22.3  43.4  65.1  91.4   1.7  28.0  54.3  79.4  99.4   0.6  20.6  50.3  70.9 100.0  175   2bpa2                     
  35.9  34.8  21.2  29.5  10.9  14.2   0.5  23.9  52.7  81.5 100.0   2.7  26.1  52.2  75.0  97.8   1.1   9.2  41.3  61.4  98.4  184   2stv                      
  39.2  36.7  18.6  27.8  18.2  13.1   0.5  25.1  51.8  73.9  98.5   2.5  21.1  48.2  74.4 100.0   1.5  24.6  39.2  68.3  94.5  199   4sbva                     
  42.3  39.4  15.5  36.0  13.1  12.4   0.4  28.9  53.5  77.8  98.6   0.7  21.1  45.1  74.6 100.0   2.5  26.1  41.9  67.3  98.2  284   2tbva                     
  37.7  40.2  17.4  35.0  14.7  14.1   0.3  26.5  50.8  73.8  99.4   0.6  23.4  53.3  75.1 100.0   5.0  21.8  41.7  72.9  96.6  321   2bbvc                     
  33.9  38.2  23.7  28.6  14.1  17.3   0.5  16.1  45.2  68.3  99.5   3.2  25.3  48.9  72.0 100.0   9.7  31.7  58.6  83.9  97.8  186   1bbt1                     
  33.2  40.0  23.9  27.9  16.2  22.1   1.5  13.7  37.1  67.8  99.0   1.0  33.2  56.6  79.5 100.0   2.4  26.3  44.9  72.7  99.5  205   1bbt2                     
  33.0  38.9  23.4  26.5  16.1  19.6   0.2  26.1  48.9  67.5  99.1   0.4  21.4  47.8  77.2  99.8   1.6  28.3  50.7  79.6 100.0  548   2cas                      
  34.4  33.3  27.1  19.9  17.3  19.1   0.4  18.3  45.4  68.5  99.6   0.7  23.1  47.3  71.1  96.0   3.7  31.5  59.7  82.1 100.0  273   4rhv1                     
  34.9  38.4  20.4  26.8  16.1  16.9   0.4  20.0  42.4  72.9  98.4   2.4  28.2  52.2  73.7 100.0   0.8  27.1  40.0  65.1  98.0  255   4rhv2                     
  35.6  37.7  20.3  26.8  14.5  16.2   0.4  26.3  53.0  76.3  99.6   0.8  20.8  41.1  72.5 100.0   5.5  31.8  49.6  73.7  94.5  236   4rhv3                     
  35.1  38.8  23.5  29.2  16.5  19.5   0.4  20.5  50.7  72.8 100.0   0.7  25.0  46.6  69.8  96.6   2.6  30.2  53.7  84.7  99.6  268   2mev1                     
  35.7  38.2  23.3  27.0  14.9  20.6   1.6  17.3  46.6  77.9  99.2   0.4  26.9  50.6  75.1 100.0   2.4  28.1  49.4  66.7  99.6  249   2mev2                     
  37.2  34.6  22.5  33.0  20.4  15.2   0.4  29.0  52.8  75.3  99.1   0.9  25.1  42.0  77.5 100.0   3.5  24.7  51.9  73.2  98.7  231   2mev3                     
  43.5  30.4  21.7  26.7  17.8  13.3   2.2  13.0  58.7  78.3 100.0   6.5  21.7  39.1  56.5  97.8  23.9  26.1  43.5  63.0  89.1  46   1fod4                      
  25.9  35.3  34.1  13.1  22.6  32.1   1.2  15.3  44.7  71.8 100.0   8.2  27.1  48.2  67.1  97.6   2.4  18.8  52.9  69.4  98.8  85   4gcr1                      
  28.0  47.0  18.0  30.3  12.1  13.1   2.0  25.0  41.0  61.0  93.0   3.0  23.0  52.0  75.0 100.0   1.0  12.0  49.0  92.0  98.0  100   1prs1                     
  30.6  32.3  29.8  18.7  22.0  20.3   3.2  25.8  43.5  59.7  99.2   4.8  13.7  42.7  73.4  97.6   0.8  31.5  61.3  80.6 100.0  124   2sblb1                    
  28.6  41.1  25.0  29.7   9.9  23.4   6.2  22.3  42.0  70.5  98.2   5.4  30.4  62.5  83.9 100.0   0.9  12.5  33.0  58.9  91.1  112   1lpbb2                    
  42.7  30.7  21.3  23.5  16.8  15.4   0.7  21.3  50.0  72.0 100.0   2.7  22.7  49.3  78.0  98.0   7.3  28.0  48.7  74.7  97.3  150   1gof3                     
  38.9  29.9  22.9  24.5  17.5  14.0   4.2  25.7  49.3  72.2  95.1   2.1  19.4  54.2  79.9 100.0   0.7  13.9  45.1  63.9  97.9  144   1dlc3                     
  39.8  31.8  22.7  28.6  25.1  14.3   1.1  22.2  44.9  68.8  98.3   4.5  31.2  58.5  84.7 100.0   0.6  21.6  45.5  67.6  98.9  176   1lena                     
  39.3  28.5  28.5  24.4  23.5  19.7   0.9  24.3  47.2  75.2  99.5   0.5  20.1  47.7  76.2 100.0   2.8  27.1  51.4  72.4  98.6  214   2ayh                      
  30.8  44.4  21.1  21.2  13.6  19.7   1.5  21.1  48.1  69.9  98.5   0.8  16.5  43.6  69.2 100.0   8.3  32.3  54.1  79.7  99.2  133   1slta                     
  27.9  40.2  25.5  23.6  16.7  23.2   1.0  22.5  49.5  71.1  95.1   2.0  24.0  52.0  79.9 100.0   0.5  23.0  42.6  70.1  99.5  204   1saca                     
  45.6  34.8  17.1  33.9  14.5  12.2   0.5  22.8  50.2  76.5 100.0   0.9  24.0  48.4  72.6  99.5   2.5  27.0  52.5  76.0  97.5  434   1cela                     
  45.4  26.5  24.9  23.4  23.9  15.8   0.5  23.2  51.9  74.6  98.9   3.8  20.0  41.1  76.2  99.5   2.7  28.6  51.4  73.0 100.0  185   1xnb                      
  34.0  38.3  25.5  10.9  19.6  19.6   2.1  46.8  57.4  70.2 100.0  10.6  17.0  31.9  63.8  95.7   6.4  29.8  48.9  83.0  89.4  47   1lobd                      
  39.0  33.9  23.7  39.7  17.2  17.2   3.4  23.7  54.2  74.6 100.0   1.7  18.6  49.2  78.0  98.3   6.8  16.9  37.3  61.0  91.5  59   1shfa                      
  26.3  42.1  29.8  23.2  17.9  23.2  10.5  24.6  47.4  75.4 100.0   3.5  19.3  49.1  71.9  98.2   1.8  22.8  38.6  66.7  96.5  57   1shg                       
  34.2  35.5  25.0  25.3  20.0  21.3   2.6  31.6  52.6  77.6  98.7   1.3  22.4  46.1  69.7  94.7   3.9  11.8  28.9  73.7 100.0  76   1pkt                       
  28.2  35.2  31.0  20.0  20.0  20.0   1.4  15.5  39.4  63.4 100.0   4.2  28.2  49.3  80.3  93.0   7.0  21.1  57.7  70.4  98.6  71   2hsp                       
  29.3  36.2  27.6  29.8  14.0  22.8   1.7  20.7  39.7  55.2  89.7   5.2  27.6  44.8  72.4  96.6  12.1  19.0  63.8  74.1 100.0  58   1cska                      
  24.1  44.8  25.9  24.6  14.0  21.1   3.4  17.2  41.4  56.9  87.9   1.7  22.4  53.4  74.1 100.0   5.2  15.5  39.7  77.6  98.3  58   1sema                      
  33.3  33.3  24.6  17.6  14.7  23.5   1.4  27.5  40.6  73.9 100.0   4.3  30.4  62.3  85.5  98.6   5.8  17.4  26.1  58.0  91.3  69   1pse                       
  30.6  29.0  35.5  16.4  21.3  23.0   1.6  24.2  54.8  66.1  80.6   4.8  21.0  72.6  87.1  98.4   6.5  12.9  38.7  62.9 100.0  62   1sso                       
  31.1  32.0  25.2  24.5  19.6  17.6   1.0  25.2  45.6  72.8  97.1   1.9  15.5  48.5  74.8 100.0  11.7  30.1  55.3  70.9  99.0  103   1ltsd                     
  37.7  34.8  23.2  29.4  19.1  17.6   1.4  23.2  44.9  71.0  92.8   2.9  21.7  50.7  63.8  95.7  11.6  20.3  43.5  76.8 100.0  69   1bova                      
  38.2  30.0  27.3  25.7  17.4  17.4   0.9  18.2  41.8  78.2  98.2   6.4  28.2  54.5  74.5 100.0   2.7  19.1  50.9  62.7  86.4  110   1prtc2                    
  28.2  42.7  27.3  22.9  11.0  31.2   0.9  23.6  38.2  56.4  98.2   1.8  20.0  53.6  78.2 100.0   3.6  24.5  52.7  71.8  96.4  110   1prtd                     
  33.7  39.8  23.5  20.6  22.7  18.6   3.1  33.7  51.0  68.4  96.9   1.0  16.3  41.8  86.7 100.0   4.1  17.3  34.7  56.1  98.0  98   1prtf                      
  28.7  34.6  33.1  19.3  21.5  22.2   5.1  20.6  47.1  66.9 100.0   1.5  24.3  50.0  77.9  97.8   0.7  22.1  47.8  68.4  99.3  136   1kab                      
  41.9  26.9  23.7  34.8  18.5  10.9   1.1  18.3  41.9  71.0  97.8   3.2  25.8  47.3  68.8  98.9   7.5  35.5  60.2  75.3 100.0  93   1tssa1                     
  32.8  37.2  22.6  24.3  16.9  19.9   1.5  16.8  41.6  66.4  99.3   0.7  29.9  51.8  73.7 100.0   3.6  19.0  35.8  64.2  93.4  137   1asza1                    
  32.1  33.6  25.0  24.7  18.6  17.6   0.4  33.2  56.4  83.6  98.6   2.1  23.2  43.2  64.3  96.4   0.7  20.0  47.9  72.9 100.0  280   1pyp                      
  29.7  40.0  25.1  25.9  17.2  19.0   0.6  24.0  47.4  69.7  98.3   1.1  22.3  46.3  72.0  99.4   5.1  28.6  62.9  80.6 100.0  175   1igp                      
  31.3  40.3  23.9  36.4  16.7  18.2   6.0  32.8  52.2  71.6 100.0   3.0  28.4  53.7  77.6  98.5   1.5  11.9  25.4  56.7  97.0  67   1csp                       
  29.4  43.5  22.4  32.1  16.7  25.0   9.4  20.0  55.3  71.8 100.0   3.5  31.8  45.9  67.1  98.8   2.4  17.6  47.1  78.8  95.3  85   1bgh                       
  23.5  32.1  39.5  13.8  21.2  22.5   8.6  18.5  46.9  66.7  97.5   1.2  24.7  56.8  77.8  98.8   2.5  30.9  45.7  70.4 100.0  81   1rip                       
  30.7  38.6  26.0  23.0  16.7  21.4   5.5  18.9  40.2  65.4  93.7   0.8  26.8  54.3  66.9 100.0   1.6  24.4  66.1  77.2  96.1  127   1bara                     
  24.0  44.5  26.7  25.5  11.7  28.3   5.5  28.1  49.3  82.2  99.3   0.7  20.5  43.2  69.2 100.0   2.1  26.0  58.9  70.5  97.9  146   8i1b                      
  30.3  40.8  24.6  25.5  14.9  16.3   0.7  36.6  57.7  75.4  96.5   2.8  22.5  43.7  73.9 100.0   1.4  12.0  45.1  73.2  99.3  142   1ilr1                     
  30.3  35.9  24.8  20.8  15.3  19.4  12.4  29.7  49.7  77.2  96.6   0.7  25.5  53.8  75.2 100.0   2.1  17.9  42.8  72.4  97.2  145   2ila                      
  35.7  31.4  25.7  25.2  22.3  16.5   3.6  25.7  55.7  77.9  99.3   1.4  25.0  48.6  78.6 100.0   2.9  23.6  40.7  67.1  97.9  140   1abrb1                    
  37.0  33.9  23.6  24.6  16.7  22.2   1.6  17.3  44.9  68.5  98.4   0.8  22.8  43.3  76.4  99.2   3.9  26.8  59.8  75.6 100.0  127   1abrb2                    
  30.7  43.4  22.3  28.5  15.2  18.8   2.4  20.5  42.8  65.1  99.4   0.6  18.7  48.8  72.3 100.0   9.6  39.8  64.5  78.9  98.8  166   1tie                      
  32.2  20.3  42.4  12.8  33.3  18.8   1.7  19.5  47.5  73.7  94.9   2.5  30.5  44.9  64.4  97.5   0.8  22.9  49.2  72.9  95.8  118   1hce                      
  34.6  35.3  25.0  29.6  14.8  21.5   1.5  25.7  57.4  75.7  98.5   4.4  26.5  50.0  83.1 100.0   0.7  12.5  38.2  64.0  99.3  136   1fnc1                     
  27.2  37.7  29.8  25.7  17.7  22.1   0.9  24.6  50.0  80.7  99.1   4.4  23.7  49.1  72.8  96.5   1.8  17.5  47.4  68.4 100.0  114   2cnd1                     
  38.8  35.9  19.4  24.5  17.6  15.7   1.0  28.2  51.5  79.6  96.1   2.9  30.1  45.6  65.0 100.0   7.8  17.5  52.4  67.0  99.0  103   2pia1                     
  33.0  42.0  20.0  27.3  15.2  17.2   4.0  24.0  47.0  71.0  99.0   1.0  25.0  54.0  77.0 100.0   3.0  17.0  36.0  62.0  94.0  100   1eft2                     
  33.9  38.8  20.7  27.5  10.8  19.2   2.5  25.6  46.3  76.9  98.3   0.8  17.4  50.4  76.0 100.0   6.6  32.2  49.6  62.0  94.2  121   1efg2                     
  49.0  29.3  18.3  25.6  16.4  11.1   0.4  25.1  50.6  80.2 100.0   0.8  26.6  47.1  70.0  99.2   6.8  21.7  49.8  69.2  97.7  263   1arb                      
  53.6  27.6  13.8  27.8  15.0  10.6   1.1  24.3  53.0  76.8  98.9   2.8  28.7  51.9  73.5 100.0   7.2  25.4  39.8  64.1  97.2  181   2sga                      
  48.5  32.8  14.6  35.5  17.3  12.2   0.5  24.2  49.0  72.2 100.0   1.0  29.3  51.0  82.3  99.0   4.5  22.7  42.9  65.2  96.5  198   2alp                      
  39.5  34.9  18.6  33.3   9.5  16.7   7.0  18.6  46.5  62.8  90.7   4.7  23.3  41.9  72.1  95.3  11.6  32.6  55.8  93.0 100.0  43   1epta                      
  36.1  36.1  25.0  25.7  22.9  20.0   2.8  11.1  22.2  61.1  97.2  16.7  30.6  44.4  69.4  83.3   5.6  33.3  47.2  63.9 100.0  36   1ppbl                      
  38.4  29.8  27.8  21.3  26.7  18.7   2.6  30.5  58.3  79.5  98.0   1.3  19.2  41.7  74.8  99.3   0.7  19.9  43.0  59.6 100.0  151   2snv                      
  26.9  32.8  32.8  12.1  19.7  22.7   6.0  38.8  74.6  85.1 100.0   1.5  23.9  49.3  67.2  94.0   3.0  17.9  41.8  58.2  98.5  67   2hnte                      
  38.8  37.5  17.8  23.8  19.2  13.9   0.7  25.7  51.3  73.7  98.0   6.6  22.4  42.8  61.8 100.0   2.6  13.2  53.9  78.9  94.1  152   2kaib                     
  30.3  35.8  29.4  20.4  16.7  20.4   0.9  30.3  48.6  71.6 100.0   1.8  11.0  21.1  60.6  98.2  18.3  37.6  63.3  82.6  97.2  109   1bbre                     
  31.3  40.4  17.2  19.4  11.2  15.3   4.0  27.3  43.4  77.8  97.0   1.0  20.2  44.4  67.7 100.0   3.0   8.1  53.5  70.7  96.0  99   2hpea                      
  31.9  38.1  22.1  24.1  17.0  22.3   1.8  29.2  43.4  69.9  98.2   0.9  22.1  54.0  77.9 100.0   2.7  12.4  47.8  60.2  96.5  113   2rspb                     
  55.8  23.3  15.5  27.7  19.5   7.6   0.3  23.6  48.2  73.0  99.7   2.7  21.2  42.7  72.4  98.5   5.2  33.6  54.2  76.1 100.0  330   2er7e                     
  21.4  31.0  45.2  17.1  22.0  22.0  26.2  35.7  54.8  76.2  97.6   2.4   9.5  33.3  52.4 100.0   7.1  21.4  45.2  73.8  92.9  42   1htrp                      
  42.9  32.5  20.2  28.4  16.6  13.2   0.3  23.0  48.5  70.6 100.0   0.8  28.6  49.9  78.4  99.7   2.5  24.4  54.3  77.0  99.2  357   1mpp                      
  38.3  29.8  27.7  34.8  32.6  15.2   2.1  23.4  44.7  68.1  89.4   4.3  21.3  46.8  74.5 100.0   6.4  14.9  40.4  66.0  97.9  47   1hrnb                      
  40.2  34.4  22.5  26.9  18.8  12.0   0.5  25.4  45.5  67.0  98.1   5.3  24.9  51.2  78.0 100.0   1.9  17.7  49.8  78.9  97.1  209   1eng                      
  40.8  33.6  22.4  33.9  20.2  15.3   2.4  25.6  47.2  71.2 100.0   0.8  20.0  53.6  74.4  98.4   5.6  16.0  36.8  76.0  99.2  125   1bw4                      
  25.0  37.5  33.0  18.9  17.1  22.5   5.4  25.0  50.0  78.6  94.6   0.9  27.7  51.8  77.7 100.0   3.6  22.3  47.3  67.9  99.1  112   1dyna                     
  24.8  31.0  38.1  15.2  17.0  22.3   8.0  35.4  49.6  69.0  92.9   1.8  20.4  43.4  72.6  94.7   0.9  19.5  54.9  75.2 100.0  113   1pls                      
  33.5  34.7  29.0  21.1  24.0  20.6   1.7  24.4  44.9  67.6 100.0   0.6  26.7  55.1  83.5  99.4   1.1  15.3  48.9  68.8  98.3  176   1hbq                      
  30.1  35.3  30.6  20.9  22.1  23.3   2.9  27.7  52.6  79.8  97.7   0.6  20.8  53.8  78.6 100.0   1.7  22.0  42.8  67.1  98.8  173   1bbpa                     
  37.2  32.3  26.2  24.5  19.6  16.0   0.6  29.9  50.6  74.4 100.0   1.2  27.4  47.0  73.8  99.4   2.4  14.6  45.7  71.3  95.1  164   1epab                     
  29.3  38.9  24.8  24.4  17.9  24.4   1.9  21.7  51.6  70.7  98.1   0.6  26.8  42.7  75.8 100.0   5.1  24.2  48.4  69.4  99.4  157   1mup                      
  29.8  35.1  29.8  26.2  16.2  20.8   0.8  26.0  52.7  65.6  94.7   6.1  26.7  48.1  74.8 100.0   1.5  15.3  42.0  71.8  99.2  131   1ifc                      
  37.4  29.8  26.7  20.0  20.8  14.6   1.5  22.1  48.1  68.7 100.0   0.8  19.1  46.6  71.8  98.5   3.1  20.6  48.9  80.2  99.2  131   1lid                      
  46.6  27.5  23.7  24.6  18.5  15.4   0.8  29.0  47.3  73.3 100.0   2.3  18.3  46.6  71.0  94.7   1.5  15.3  48.9  79.4  99.2  131   1mdc                      
  28.5  42.3  24.1  21.3  12.5  24.3   2.9  27.0  44.5  78.8  95.6   0.7  19.0  53.3  72.3 100.0   2.2  21.2  47.4  67.9  99.3  137   1cbs                      
  36.8  31.2  28.0  26.6  16.9  19.4   4.0  20.0  40.0  67.2  93.6   1.6  20.8  45.6  70.4 100.0   0.8  41.6  63.2  84.8  99.2  125   2phy                      
  52.6  25.0  19.8  27.8  18.3  11.3   0.9  20.7  44.8  70.7  98.3   7.8  28.4  51.7  75.9 100.0   6.0  33.6  54.3  74.1  99.1  116   1srga                     
  40.7  29.3  24.4  25.4  23.0  15.6   2.4  20.3  40.7  68.3 100.0   1.6  28.5  48.0  72.4  98.4   0.8  25.2  56.1  76.4  99.2  123   1avda                     
  35.4  30.5  28.0  23.3  22.1  18.4   2.4  24.4  46.3  70.7  98.2   0.6  17.1  51.8  73.8 100.0   3.7  27.4  47.6  75.6  93.9  164   2cpl                      
  34.3  37.3  23.5  20.6  22.4  17.6   0.6  23.5  53.6  69.9  97.6   3.0  18.7  43.4  80.7 100.0   1.2  27.7  49.4  72.3  98.2  166   1clh                      
  38.8  30.7  24.1  22.4  21.6  17.9   0.3  19.2  44.9  73.0  99.5   0.5  30.2  53.5  76.9 100.0   1.0  23.4  50.9  76.4  99.7  381   2sil                      
  36.9  33.2  22.9  22.0  19.4  19.9   1.8  26.8  48.7  74.2  98.2   0.3  21.6  49.5  69.1  99.7   0.8  22.2  52.1  75.5  99.5  388   1ivd                      
  36.7  28.7  27.7  21.3  22.4  19.8   1.3  27.9  53.1  76.9  99.7   0.3  19.7  48.2  67.2 100.0   1.0  24.6  50.5  76.4  99.5  390   1nsca                     
  44.2  29.2  22.0  26.2  18.9  14.5   0.5  22.5  45.7  69.3  99.7   1.0  26.4  55.6  82.4 100.0   0.3  30.0  49.4  74.2  99.2  387   1gof2                     
  36.6  34.4  24.2  28.0  18.4  15.5   0.3  22.0  49.0  73.5 100.0   0.6  24.8  50.1  74.9  98.0   1.1  30.1  52.1  73.8  99.7  355   2bbkh                     
  38.2  32.2  26.8  25.1  23.2  18.2   0.2  25.4  47.8  76.5  99.8   0.7  22.4  50.6  70.9 100.0   1.1  31.7  51.8  77.2  99.6  571   3aaha                     
  33.0  37.1  22.8  23.8  15.2  21.1   0.4  25.0  54.0  72.3  99.6   2.7  23.7  45.5  74.6  99.1   2.2  17.9  52.7  75.0 100.0  224   2ohxa1                    
  36.7  35.7  18.9  26.2  14.4  14.4   0.5  30.1  48.5  71.9  98.0   2.6  17.3  50.5  77.0 100.0   1.5  23.0  48.0  67.9  94.9  196   1qora1                    
  37.4  34.4  24.5  24.1  21.6  16.7   1.2  27.0  49.7  68.7  93.9   2.5  30.7  52.1  81.6  99.4   0.6  16.6  44.8  77.3 100.0  163   1vmoa                     
  32.9  37.6  25.2  24.4  18.2  22.0   3.8  31.4  55.7  74.8 100.0   0.5  21.0  50.5  75.7  99.5   1.0  22.4  37.1  71.4  98.6  210   1dlc2                     
  43.9  27.6  22.0  24.9  20.1  15.5   0.3  19.2  45.6  74.9  99.4   0.6  29.9  56.3  78.3 100.0   3.1  30.7  54.1  71.8  99.7  355   1pcl                      
  25.6  45.6  24.4  19.6  11.7  21.2   5.0  33.9  51.7  75.0  96.1   0.6  21.1  42.2  71.7  99.4   2.8  16.1  48.3  73.3 100.0  180   1caua                     
  27.2  48.9  18.5  26.2  10.4  20.8   0.5  21.7  53.3  68.5  98.4   1.1  25.5  46.7  75.5  99.5   3.8  14.1  49.5  75.0 100.0  184   1caub                     
  27.0  40.1  26.3  27.9  14.7  22.1   2.2  24.1  48.9  66.4  98.5   0.7  24.8  52.6  78.1 100.0   2.9  19.0  46.0  73.7  99.3  137   3gapb1                    
  35.8  29.9  25.4  27.3  22.7  15.2   1.5  26.9  47.8  70.1  97.0   4.5  17.9  46.3  74.6  98.5   3.0  35.8  44.8  73.1 100.0  67   1wapb                      
  40.2  28.7  26.4  24.9  23.0  14.9   0.3  24.3  47.5  72.8  99.7   0.5  20.4  48.8  76.2  99.0   2.3  29.0  54.8  74.2 100.0  383   1cgt3                     
  39.1  32.3  23.2  24.4  17.9  18.5   0.3  20.4  46.2  75.1  99.4   0.8  32.3  54.1  73.7 100.0   1.7  23.5  43.9  71.4  99.7  353   6taa1                     
  32.3  35.6  27.6  22.9  17.7  21.7   0.7  27.6  49.0  72.6 100.0   0.2  18.7  42.3  73.6  99.8   0.5  25.4  55.2  78.4  99.0  402   1ppi1                     
  37.3  30.5  28.3  20.8  21.1  16.6   0.3  23.0  45.4  72.0  99.7   0.6  28.6  49.6  73.9 100.0   1.4  23.8  53.2  73.4  98.9  357   1amg1                     
  37.3  28.9  28.0  19.7  24.6  20.0   1.7  25.1  49.7  71.7  99.7   0.3  21.1  47.4  73.4  98.3   1.2  24.0  51.2  78.9  99.4  346   1amy1                     
  28.8  39.8  25.9  23.1  15.3  21.1   0.2  27.3  49.2  72.0 100.0   0.4  19.4  48.6  76.9  99.8   0.6  29.0  51.8  71.8  99.6  490   1byb                      
  40.5  34.3  19.6  27.9  15.1  13.4   0.7  27.1  51.3  75.2  98.4   1.0  24.5  47.7  72.9  99.7   1.6  28.4  55.9  81.7 100.0  306   1ghsa                     
  36.2  36.5  22.6  28.5  17.4  16.9   0.3  20.0  40.9  69.3 100.0   0.6  28.7  58.0  79.1  99.7   2.3  24.3  46.1  70.4  97.7  345   1xys                      
  29.8  36.7  25.3  21.5  15.6  21.2   3.5  28.7  50.2  77.5 100.0   0.3  24.6  50.9  73.7  99.3   0.7  23.2  48.4  74.0  95.8  289   1nar                      
  36.1  36.5  23.9  24.6  24.3  19.7   0.4  32.3  53.3  74.0  99.6   1.8  20.4  42.1  71.6  98.2   1.1  26.0  54.7  78.6 100.0  285   2ebn                      
  34.6  34.6  26.2  25.6  20.5  20.5   0.3  28.5  53.1  76.4 100.0   1.9  19.7  44.7  71.2  99.4   1.6  27.2  49.2  72.2  98.4  309   1ctn2                     
  28.1  40.1  27.2  23.9  17.2  23.0   0.3  26.1  52.7  76.2  94.6   0.6  27.5  47.0  72.2 100.0   1.1  22.3  50.7  78.8  99.7  349   1add                      
  40.0  34.3  19.2  32.0  14.1  13.3   0.3  22.3  43.6  69.4  98.4   2.6  23.6  50.1  79.7  99.7   1.3  35.6  61.6  76.6 100.0  385   2kauc2                    
  36.7  37.8  20.3  31.2  14.8  15.0   0.3  26.1  55.3  78.6  99.7   1.4  25.6  51.1  72.2  99.2   0.8  22.2  42.2  71.1 100.0  360   1fbaa                     
  26.0  43.5  24.8  24.8  12.4  25.5   0.3  25.7  45.4  73.0  97.8   1.3  22.5  48.6  72.1  99.7   1.0  26.0  53.3  79.4 100.0  315   1ads                      
  42.0  32.9  21.7  32.4  20.4  14.8   0.7  26.6  55.2  76.2  99.3   1.4  18.2  47.6  73.4 100.0   2.8  21.0  39.9  71.3  97.9  143   4enl1                     
  34.8  37.4  20.7  32.3  17.3  16.4   1.8  18.9  46.3  72.2  98.2   0.4  28.6  48.0  74.4 100.0   2.2  22.5  49.8  71.4  99.1  227   2mnr2                     
  37.7  37.7  19.7  31.3  16.0  16.0   1.6  25.8  54.1  72.1 100.0   0.4  29.1  45.9  78.7  99.6   1.2  15.2  43.4  70.5  99.2  244   1chra2                    
  31.8  35.8  27.1  22.9  22.1  20.9   0.3  27.3  48.9  70.9  99.5   0.8  23.3  49.9  73.7  98.7   0.5  25.3  51.4  79.4 100.0  399   1oyb                      
  36.6  32.0  24.0  25.5  18.3  19.2   1.1  27.7  53.4  76.3 100.0   0.6  25.4  51.4  74.9  96.9   0.3  21.1  45.7  75.7  99.7  350   1gox                      
  35.0  32.6  26.8  22.7  18.6  19.8   0.3  23.8  47.1  72.9 100.0   1.2  25.0  51.8  73.8  98.8   0.6  24.7  49.1  72.4  99.7  340   2tmda1                    
  32.5  36.9  23.0  25.9  17.9  15.9   1.2  24.6  52.4  76.2  98.4   0.8  23.4  54.0  73.0 100.0   0.4  21.8  45.2  73.8  99.6  252   1pii1                     
  34.3  38.7  19.8  25.1  10.9  20.2   3.6  23.0  50.8  79.8 100.0   0.8  25.0  47.6  70.2  97.6   0.4  27.8  54.8  73.4  99.2  248   1wsya                     
  38.5  28.8  24.0  23.3  20.4  18.4   2.9  25.0  46.2  78.8 100.0   1.9  18.3  47.1  75.0  96.2   6.7  19.2  54.8  68.3  99.0  104   1pkn1                     
  32.5  35.6  26.9  27.0  20.1  18.2   0.9  28.1  54.4  75.6  97.2   0.6  22.5  51.9  79.1  99.7   0.3  21.2  45.9  66.6 100.0  320   3rub2                     
  39.5  30.5  24.8  26.8  18.7  16.1   0.3  27.7  51.1  74.6  99.7   0.6  18.6  39.9  75.6 100.0   3.2  28.6  52.7  74.0  98.7  311   5rub2                     
  36.7  33.5  22.9  27.9  16.4  18.9   2.4  24.1  49.8  78.0  99.2   2.0  25.3  52.2  73.5  98.8   0.4  20.0  40.4  74.3 100.0  245   1tph1                     
  39.4  32.3  24.4  25.5  21.9  16.1   1.0  22.6  47.8  76.1  99.7   0.3  22.9  51.4  73.0  99.2   2.0  27.2  49.9  74.3 100.0  393   4xiaa                     
  28.1  38.6  27.6  26.4  15.9  22.5   0.9  23.2  43.4  70.2  94.3   2.2  28.1  53.9  77.6 100.0   0.4  22.4  47.8  80.7  98.7  228   1nfp                      
  32.7  34.0  28.2  23.2  14.2  16.8   2.6  15.4  40.4  78.2  98.7   1.9  19.2  46.8  64.1  97.4   0.6  32.7  57.1  76.3 100.0  156   2tmda2                    
  39.7  33.2  22.7  27.4  18.2  14.9   0.3  21.6  49.7  73.5  99.7   0.5  28.1  53.8  81.1  97.6   1.9  25.9  45.7  66.2  98.4  370   3cox1                     
  34.6  35.3  24.9  27.4  14.9  19.4   1.0  25.6  49.8  70.2  98.6   1.4  20.1  46.7  73.4 100.0   0.3  29.1  53.3  78.2  99.7  289   1pbe1                     
  40.7  36.6  18.0  30.2  18.7  12.5   0.3  21.1  44.7  69.6  99.7   0.9  27.0  56.5  77.0 100.0   3.4  35.1  54.0  71.4  94.4  322   1gal1                     
  40.0  33.2  20.0  25.4  13.2  15.3   0.5  21.6  55.8  79.5  99.5   4.2  25.3  45.8  68.9 100.0   2.1  27.4  45.3  71.6  97.9  190   1trb1                     
  39.2  35.0  21.2  28.5  15.9  17.6   0.4  22.9  49.2  75.8 100.0   2.5  24.2  54.6  73.8  98.3   0.8  18.3  40.8  70.4  98.8  240   2tpra1                    
  37.6  33.3  23.1  26.7  20.7  15.5   1.7  23.1  46.2  79.5 100.0   0.9  19.7  55.6  72.6  97.4  11.1  29.1  47.9  70.9  96.6  117   2tpra2                    
  40.6  33.2  19.7  27.6  15.8  12.3   0.4  24.5  50.2  74.2  98.7   0.9  25.8  53.7  72.9 100.0   1.3  24.9  41.0  77.7  99.6  229   3lada1                    
  36.1  42.9  16.0  39.8  11.9  16.9   1.7  19.3  41.2  73.1 100.0   0.8  21.0  48.7  72.3  99.2  15.1  36.1  59.7  79.0  95.0  119   3lada2                    
  40.9  30.1  19.9  21.1  19.5  11.9   0.5  22.0  48.4  74.7  98.9   2.7  23.7  53.8  75.8 100.0   1.6  28.5  45.7  71.0  98.4  186   1fcda1                    
  35.5  34.0  25.5  22.1  20.0  20.0   0.7  22.0  48.9  71.6  95.0   2.8  26.2  47.5  77.3 100.0   1.4  31.9  48.2  68.1  93.6  141   1fcda2                    
  33.6  38.3  23.4  15.7  15.0  23.6   0.8  29.7  54.7  75.8  99.2   3.1  23.4  45.3  68.8  98.4   2.3  14.1  46.1  71.1 100.0  128   3chy                      
  36.3  36.3  21.0  25.2  15.4  19.5   3.2  21.8  42.7  71.8  96.8   1.6  27.4  46.8  73.4 100.0   0.8  16.9  56.5  75.8  98.4  124   1ntr                      
  40.7  29.9  19.2  30.1  16.9  12.7   2.4  28.1  54.5  79.0  98.2   0.6  17.4  44.3  64.7  99.4   7.2  24.6  59.3  73.7 100.0  167   1scua2                    
  38.9  38.9  14.6  31.5   9.8  16.1   0.7  25.0  47.9  79.2  99.3   2.1  26.4  54.9  73.6  98.6   2.8  20.1  36.8  52.1 100.0  144   1scub2                    
  41.6  32.9  20.8  30.2  22.1  14.5   1.7  19.1  38.7  68.2  99.4   6.9  31.2  57.2  82.7 100.0   0.6  28.9  52.0  75.7  94.2  173   2fcr                      
  46.3  30.6  17.0  26.0  17.8  13.7   0.7  22.4  42.9  71.4  99.3   2.7  27.9  49.0  70.7  97.3   1.4  23.8  57.8  74.8  98.0  147   2fx2                      
  30.4  38.4  20.3  26.3  17.5   9.5   5.1  19.6  42.0  65.9  98.6   2.9  30.4  47.1  80.4  99.3   0.7  15.2  58.7  70.3  97.1  138   4fxn                      
  34.0  39.1  19.9  29.0  16.1  20.6   1.9  29.5  55.8  76.9  99.4   0.6  21.8  44.2  69.9  98.1   2.6  22.4  53.2  87.2 100.0  156   1bmta2                    
  45.4  30.6  17.3  29.2  18.5  13.8   1.0  20.9  45.4  64.8 100.0   3.6  28.1  53.6  79.6  99.0   0.5  27.0  62.2  76.5  99.5  196   1cus                      
  40.9  35.5  19.2  28.2  17.8  14.9   0.5  25.6  54.7  77.3  99.5   1.5  24.1  45.3  69.5 100.0   1.0  14.8  48.3  76.4  96.1  203   2nada2                    
  38.0  27.1  23.3  25.8  26.6  14.8   5.4  26.4  59.7  79.8 100.0   3.9  24.0  43.4  72.1  99.2   0.8  14.7  45.0  69.0  97.7  129   1gdha1                    
  26.9  33.1  35.0  20.8  14.5  29.6   3.8  15.6  44.4  74.4  95.0   1.2  31.2  51.9  73.8  99.4   0.6  21.9  46.2  71.2 100.0  160   1fnc2                     
  28.8  38.4  26.7  26.2  14.5  23.4   0.7  17.1  45.9  75.3  97.3   2.7  27.4  54.1  74.0  99.3   2.1  24.7  50.0  70.5 100.0  146   2cnd2                     
  35.8  28.3  32.5  21.8  26.9  21.8   4.2  22.5  48.3  72.5  96.7   0.8  24.2  46.7  77.5 100.0   1.7  25.8  51.7  71.7  99.2  120   2pia2                     
  34.9  33.0  26.0  27.1  20.1  15.9   0.9  23.7  45.6  74.9 100.0   1.4  14.4  43.7  70.7  95.3   0.5  27.0  56.3  77.7  99.5  215   2ts11                     
  28.4  35.6  28.7  22.1  19.4  21.2   0.3  23.3  47.4  72.8  98.8   0.6  23.9  48.3  74.9 100.0   0.9  25.7  51.7  74.6  98.2  331   1gtra1                    
  39.3  34.7  20.7  29.5  22.8  10.7   1.3  17.3  40.7  70.0  99.3   6.0  33.3  52.7  75.3  89.3   0.7  24.7  48.0  85.3 100.0  150   2ohxa2                    
  36.9  36.2  22.3  27.9  14.7  23.3   4.6  23.8  46.9  78.5 100.0   1.5  25.4  49.2  76.2  99.2   0.8  20.8  50.0  66.9  98.5  130   1qora2                    
  44.3  32.8  18.2  30.6  15.5  13.1   0.8  20.2  51.8  75.1  99.6   0.4  24.9  43.9  77.5 100.0   2.4  28.5  49.4  72.3  99.2  253   1hdca                     
  41.5  33.1  21.6  24.3  20.0  12.8   0.8  25.8  51.7  71.2  99.2   0.4  22.9  50.0  75.0  98.7   1.3  20.3  47.5  77.5 100.0  236   1dhr                      
  33.7  37.3  23.7  26.1  18.1  17.2   1.8  25.7  53.8  75.4 100.0   0.9  22.8  47.3  73.4  99.7   0.3  28.4  52.7  82.2  99.4  338   1udpa                     
  29.2  38.1  24.4  27.5  15.0  20.4   0.6  23.2  51.2  72.6  95.8   1.8  29.2  53.0  79.8  98.8   1.2  22.6  41.1  61.9 100.0  168   1hdgo1                    
  30.9  36.7  28.7  24.6  20.3  22.5   1.1  25.5  51.1  78.2 100.0   1.6  25.0  46.8  65.4  97.9   3.2  23.9  48.4  73.9  98.4  188   2nada1                    
  40.3  33.0  22.0  28.4  22.6   8.9   1.0  28.3  46.1  72.3 100.0   0.5  20.9  57.1  77.5  97.4   5.2  23.0  41.9  64.4  97.9  191   1gdha2                    
  38.8  38.8  15.6  34.2  11.6  12.3   2.7  21.1  42.9  65.3 100.0   2.0  21.8  49.7  71.4  99.3   0.7  32.7  55.8  75.5  98.0  147   2cmd1                     
  34.2  41.9  20.0  31.8  16.2  11.0   1.9  20.0  48.4  71.0  99.4   2.6  26.5  44.5  76.1  97.4   0.6  18.7  53.5  73.5 100.0  155   1bmda1                    
  37.1  37.8  16.1  23.9  12.0  17.6   1.4  14.7  42.0  65.0 100.0   0.7  28.0  58.0  75.5  96.5   2.1  25.2  47.6  71.3  97.9  143   1llda1                    
  35.8  34.1  22.2  26.3  16.0  20.6   0.6  24.4  56.8  76.1 100.0   1.1  19.9  42.0  69.9  98.3   7.4  26.7  47.2  69.3  97.7  176   2pgd1                     
  41.3  30.6  17.4  32.5  13.3  16.7   0.8  24.0  48.8  69.4  99.2   2.5  28.9  47.9  75.2 100.0   5.0  19.0  38.8  64.5  97.5  121   1scua1                    
  34.3  37.9  21.9  31.5  14.9  17.3   1.2  23.1  49.7  71.6  98.8   0.6  21.3  50.9  77.5 100.0   3.6  30.2  48.5  73.4  95.3  169   1pyda3                    
  33.9  39.3  22.4  33.0  13.7  18.7   1.1  24.0  49.7  76.0 100.0   2.7  18.0  48.6  76.5  99.5   0.5  29.0  54.6  72.1  96.7  183   1poxa3                    
  36.0  36.6  20.3  30.4  17.0  13.5   0.6  31.4  50.0  73.3  98.3   1.2  17.4  47.7  83.1 100.0   4.1  20.3  38.4  68.0  98.8  172   1pyda1                    
  34.2  35.7  22.4  21.5  17.4  18.5   0.5  22.4  42.3  73.0 100.0   2.0  20.9  52.0  71.4  99.5   3.1  34.2  58.2  77.0  99.0  196   1pyda2                    
  38.5  33.9  19.5  24.9  17.3  16.8   0.6  21.3  43.7  71.3  99.4   1.1  27.6  55.7  79.3  98.9   6.3  25.3  47.7  66.7 100.0  174   1poxa1                    
  30.3  41.5  19.7  23.0  14.4  18.2   2.1  26.6  44.7  72.3  99.5   1.1  22.3  51.6  76.6 100.0   0.5  25.0  47.3  72.9  97.3  188   1poxa2                    
  37.0  34.6  23.3  28.4  20.1  18.9   0.9  24.5  48.7  70.1  99.7   0.3  25.7  47.2  79.1 100.0   0.6  23.0  58.8  81.8  98.8  335   1trka1                    
  38.1  35.0  21.3  26.5  16.3  14.3   1.5  22.8  47.2  69.0  96.4   0.5  18.8  53.8  79.7 100.0   2.5  27.9  47.7  67.0  97.0  197   1trka2                    
  36.6  32.3  25.3  27.0  22.2  17.3   0.5  19.4  45.2  74.7  98.9   1.6  28.5  54.8  74.2  99.5   1.1  25.8  46.2  72.6 100.0  186   1gky                      
  30.6  35.7  26.0  22.6  18.5  20.5   1.0  19.9  44.4  72.4  99.5   0.5  21.9  42.9  67.9 100.0   1.5  30.1  55.6  77.6  98.5  196   1ukz                      
  30.5  38.6  25.5  20.5  17.4  23.7   0.5  12.3  40.5  68.6  99.5   2.7  34.1  52.7  76.4 100.0   2.3  25.5  55.0  78.6  99.1  220   2ak3b                     
  33.1  36.1  24.1  27.9  17.0  18.2   1.2  22.9  45.2  74.7  95.2   1.8  22.3  48.2  71.1  99.4   0.6  25.3  54.2  77.1 100.0  166   5p21                      
  28.7  32.3  29.7  22.2  13.4  22.7   0.5  18.5  44.1  73.8  97.4   2.1  27.2  50.3  74.9 100.0   1.0  24.6  50.8  71.3  99.5  195   1tadc2                    
  31.6  38.2  23.6  19.0  17.1  20.9   0.5  17.0  40.6  65.6 100.0   1.9  30.2  60.4  76.4  99.5   0.9  24.5  43.4  73.1  98.6  212   1eft1                     
  31.4  34.9  25.2  20.2  16.7  20.2   0.8  20.2  45.7  70.9 100.0   1.2  34.9  57.0  81.0  99.6   0.4  19.4  43.0  63.6  98.8  258   1efg1                     
  38.8  38.4  18.7  30.3  15.6  11.5   2.7  18.7  44.7  71.7  99.1   2.3  29.2  51.6  74.0 100.0   0.5  16.4  46.6  74.4  97.3  219   1dts                      
  32.9  38.2  21.2  27.0  17.0  17.0   0.4  19.8  40.3  64.0 100.0   1.4  29.3  51.6  78.1  99.6   0.7  21.2  54.8  77.4  96.8  283   1nipa                     
  36.9  35.4  19.8  33.3  14.2  16.1   0.4  19.4  44.0  66.0  99.6   0.7  28.0  51.5  77.6  97.0   1.5  26.1  61.6  82.1 100.0  268   2reb1                     
  26.8  38.0  30.0  20.3  15.6  23.1   1.9  22.1  46.5  70.4  98.6   0.9  31.5  56.3  81.2  99.5   0.5  13.1  42.3  71.4 100.0  213   3cla                      
  33.7  38.7  21.4  25.6  18.2  15.7   3.3  29.2  57.6  75.7  98.8   0.8  21.4  44.0  72.4 100.0   3.7  23.0  44.4  79.4  98.4  243   1eaf                      
  28.7  42.0  23.6  26.9  17.3  23.1   0.6  23.6  38.9  62.4  96.2   1.3  21.0  52.9  77.1  99.4   3.8  33.8  54.1  75.8 100.0  157   1pnt                      
  27.0  37.4  29.9  21.3  15.5  25.6   2.5  23.4  54.0  77.7  98.6   0.7  29.1  48.9  71.9  97.8   0.4  19.4  44.6  73.4 100.0  278   2hnq                      
  35.7  38.9  21.1  34.1  13.6  17.6   0.7  25.0  50.4  71.8 100.0   1.1  23.2  48.2  78.2  99.6   0.4  21.4  45.7  74.3  98.2  280   1yptb                     
  38.0  34.3  19.4  30.8  14.0  15.9   0.9  17.6  43.5  71.3 100.0   6.5  32.4  54.6  76.9  99.1   2.8  25.0  45.4  67.6  94.4  108   2trxa                     
  34.3  37.1  24.8  28.8  13.5  20.2   6.7  19.0  47.6  69.5  95.2   1.9  22.9  53.3  80.0 100.0   1.0  25.7  41.0  75.2  91.4  105   1mdka                     
  43.8  31.2  18.8  34.9  25.4  12.7   1.6  17.2  48.4  71.9 100.0   6.2  28.1  42.2  56.2  98.4   9.4  25.0  53.1  75.0  96.9  64   1dsba2                     
  31.8  37.6  24.7  21.4  22.6  26.2   3.5  22.4  49.4  82.4 100.0   2.4  25.9  54.1  70.6  97.6   1.2  18.8  38.8  63.5  94.1  85   1ego                       
  27.6  34.5  31.0  23.3  18.6  25.6   6.9  23.0  60.9  80.5  92.0   4.6  26.4  44.8  69.0  96.6   1.1  13.8  37.9  74.7 100.0  87   1aba                       
  27.9  44.3  24.6  22.0  14.8  24.2   1.1  18.6  48.6  72.1 100.0   1.6  26.8  44.8  66.7  99.5   0.5  27.3  51.9  73.8  92.3  183   1gp1a                     
  27.4  32.1  34.5  18.1  20.5  21.7   6.0  28.6  44.0  76.2  95.2   1.2  17.9  45.2  67.9  94.0   2.4  26.2  50.0  79.8 100.0  84   2gsta1                     
  26.0  41.6  29.9  26.3  15.8  25.0   5.2  28.6  48.1  76.6  97.4   1.3  27.3  50.6  66.2  98.7   3.9  16.9  45.5  68.8 100.0  77   1gsra1                     
  30.7  33.3  33.3  14.9  27.0  21.6   5.3  30.7  57.3  76.0 100.0   1.3  21.3  42.7  64.0  97.3   2.7  14.7  41.3  66.7  98.7  75   1gsq1                      
  32.6  34.1  24.5  26.5  17.7  18.1   0.4  23.8  46.7  73.2  99.6   0.8  25.7  51.0  70.1  98.9   3.1  21.5  50.6  78.9 100.0  261   1eria                     
  27.9  31.1  30.3  16.9  20.6  21.8   0.4  19.3  51.2  75.0  99.2   0.8  23.0  47.1  69.3  97.1   1.2  30.3  53.7  80.3 100.0  244   1rvaa                     
  24.5  40.0  27.0  21.6  15.6  24.6   4.5  21.0  51.0  72.0  97.5   1.0  25.5  45.5  73.5  99.5   0.5  30.5  54.0  76.5 100.0  200   1bam                      
  24.7  35.7  29.2  20.9  15.0  19.6   0.6  23.4  39.6  66.9  98.1   1.9  14.9  35.1  61.7  96.1   1.3  43.5  63.6  81.8 100.0  154   1pvua                     
  37.4  34.2  23.2  28.6  16.9  15.3   1.1  21.6  44.2  78.9  99.5   1.6  25.3  52.1  73.2 100.0   0.5  31.1  47.4  65.8  97.9  190   3hsc                      
  33.6  36.3  24.7  31.0  14.5  21.4   0.7  15.1  35.6  66.4 100.0   1.4  26.0  56.8  75.3  97.3  12.3  32.2  56.2  77.4  97.9  146   1atna1                    
  35.4  30.1  24.8  21.8  17.3  19.1   0.9  22.6  46.5  72.6  98.2   2.7  26.1  44.7  71.2  99.1   0.4  23.9  53.1  74.8 100.0  226   1atna2                    
  33.3  33.3  23.9  23.1  15.7  22.7   2.1  23.0  49.0  73.7  99.6   1.6  23.9  48.1  77.4 100.0   0.4  25.9  54.7  71.6  99.2  243   1glcg1                    
  35.0  35.8  24.8  26.9  17.1  21.6   2.4  22.8  45.9  69.1  98.4   0.4  21.5  52.0  74.8  99.6   1.6  27.2  50.8  81.7 100.0  246   1glcg2                    
  34.2  31.0  27.7  21.4  20.1  20.8   3.2  25.8  49.0  69.7  96.8   0.6  23.9  51.6  79.4  97.4   1.3  18.7  40.6  76.1 100.0  155   1chma1                    
  31.6  36.1  27.7  18.8  16.2  26.0   5.8  21.9  44.5  71.0  96.8   1.3  31.0  51.6  82.6 100.0   0.6  22.6  53.5  68.4  97.4  155   2rn2                      
  30.4  45.6  16.8  28.2  11.3  18.5   8.0  21.6  47.2  65.6  99.2   1.6  30.4  52.0  74.4  96.8   0.8  17.6  29.6  68.8  95.2  125   1hrha                     
  33.7  36.8  22.8  29.7  20.8  16.1   0.5  20.7  46.1  69.9  98.4   2.1  23.8  45.1  77.2  99.5   1.0  32.1  57.5  74.6 100.0  193   1dpi1                     
  34.8  38.0  19.0  28.0  13.4  21.0   0.6  19.6  48.1  73.4  98.7   2.5  29.1  58.2  76.6 100.0   7.0  22.8  44.3  67.7  99.4  158   1hjra                     
  26.9  41.5  27.8  24.6  17.3  22.3   2.0  23.4  49.4  75.4 100.0   0.6  30.4  53.5  78.9  99.4   0.3  17.5  43.3  70.2  99.7  342   1rpa                      
  35.9  34.2  21.6  26.5  12.6  19.1   1.3  22.5  50.6  72.7  99.6   0.9  27.7  47.6  78.8  99.1   1.7  28.1  47.2  71.4 100.0  231   1gph1                     
  31.3  34.6  27.1  24.9  19.2  20.2   0.5  25.2  50.0  67.3 100.0   0.9  21.0  52.3  74.3  96.3   6.1  24.8  46.3  79.4  99.5  214   1hmpa                     
  34.6  33.2  25.0  26.6  17.9  21.3   5.8  29.3  50.5  69.2  99.5   1.4  23.1  51.0  76.0 100.0   0.5  14.4  42.3  74.0  99.0  208   1sto                      
  35.1  37.9  22.7  27.3  18.7  18.0   1.5  24.5  47.5  71.0  99.5   0.8  25.5  49.2  76.5 100.0   0.3  27.3  53.5  77.5  97.2  396   1ars                      
  31.2  33.6  28.6  21.4  19.5  21.9   1.2  23.9  46.7  70.4  99.5   0.5  24.6  49.1  72.8  96.9   0.2  21.6  53.1  78.4  99.8  426   1tpla                     
  39.0  33.4  21.8  29.8  20.9  13.5   0.7  25.5  47.1  70.5  99.8   0.2  25.8  56.6  79.4 100.0   1.6  17.9  42.0  70.1  99.5  431   2dkb                      
  29.4  40.0  26.7  22.6  16.1  21.1   0.2  23.7  43.8  68.9 100.0   0.4  24.2  49.1  75.8  99.6   1.5  24.6  54.4  79.4  99.1  528   1ack                      
  33.2  35.5  26.8  32.0  17.2  18.1   1.3  25.5  52.6  73.2  99.7   1.0  22.3  48.4  75.2 100.0   0.3  22.6  46.1  72.3  98.7  310   1ede                      
  32.3  39.1  23.5  25.9  16.7  19.5   1.4  27.6  50.3  74.1 100.0   0.3  24.1  49.7  75.5  99.3   1.0  20.7  46.3  71.8  99.7  294   1thta                     
  42.3  39.7  14.5  34.2  13.3  12.7   0.9  24.0  50.5  75.4  99.7   0.3  23.3  49.5  72.9 100.0   2.8  26.2  42.6  73.8  97.5  317   1tca                      
  37.7  36.2  20.0  28.8  16.7  15.9   0.4  21.9  49.4  75.1 100.0   3.0  35.1  56.2  77.0  99.6   1.1  24.2  41.9  69.1  97.0  265   3tgl                      
  38.7  34.6  20.8  28.0  17.5  18.3   1.1  22.7  48.3  70.3  99.3   0.4  20.8  47.6  75.8 100.0   2.6  30.1  51.3  73.6  97.4  269   1tib                      
  40.8  33.3  20.4  28.3  16.1  15.8   0.2  27.0  50.7  73.4  99.4   0.4  18.9  48.1  74.3 100.0   4.3  28.3  52.2  78.7  99.8  534   1crl                      
  46.5  35.2  15.1  32.5  12.0  13.2   0.3  27.7  50.9  71.4  99.7   2.8  25.5  51.3  79.2 100.0   0.9  13.8  38.1  79.6  98.7  318   1taha                     
  35.3  35.3  23.7  22.0  18.2  17.9   2.7  31.5  51.6  77.2 100.0   0.6  24.6  45.7  70.0  99.4   0.3  22.6  48.7  78.9  99.7  337   1lpbb1                    
  37.1  32.8  26.2  25.1  20.0  14.5   0.4  22.7  45.3  75.0  98.0   3.9  21.5  40.2  71.9  99.6   0.8  31.2  54.7  74.2  97.7  256   1whta                     
  36.6  33.3  26.8  21.7  17.1  19.7   0.7  23.5  47.7  63.4  99.3   2.6  28.1  60.1  84.3 100.0   1.3  20.3  43.1  74.5  98.0  153   1whtb                     
  38.1  29.3  25.7  22.9  28.4  13.4   0.3  27.0  49.5  74.6  99.0   1.6  23.5  52.4  72.3 100.0   0.7  22.5  47.2  70.4  98.7  307   2ctc                      
  44.3  31.6  19.2  29.7  17.6  13.1   1.7  22.0  45.7  75.9 100.0   0.7  23.4  47.4  70.4  97.9   0.3  31.3  61.9  80.4  98.3  291   1amp                      
  24.7  42.5  28.0  19.5  12.4  27.6   1.1  21.5  49.5  66.7 100.0   0.5  23.7  47.8  75.3  99.5   7.5  29.0  52.7  76.3  98.9  186   1drf                      
  32.7  34.0  25.8  24.7  17.1  22.2   1.9  27.0  49.7  76.1  94.3   2.5  22.6  50.3  70.4  98.7   0.6  23.9  47.8  78.6 100.0  159   4dfra                     
  34.6  35.8  26.5  24.2  21.7  19.3   0.6  27.8  59.9  76.5 100.0   2.5  25.3  45.7  70.4  98.1   1.9  18.5  39.5  75.3  99.4  162   3dfr                      
  32.1  35.7  23.2  24.7  14.3  20.8   0.2  25.8  55.3  78.3  98.8   0.7  21.5  44.2  70.3  99.8   0.5  28.3  47.6  71.0 100.0  414   7icd                      
  35.7  40.0  21.2  32.0  14.8  15.1   1.2  22.6  55.7  80.0 100.0   0.9  23.2  47.0  72.5  99.7   0.3  27.5  48.4  64.1  99.4  345   1hex                      
  39.3  36.7  18.7  29.5  12.1  13.4   0.7  34.0  52.7  74.7 100.0   1.3  22.0  47.3  81.3  99.3   3.3  26.7  39.3  65.3  95.3  150   8atca1                    
  30.6  38.1  26.9  30.2  18.9  23.3   1.9  19.4  43.8  75.6  98.1   1.2  28.8  54.4  75.0 100.0   0.6  20.6  47.5  69.4  97.5  160   8atca2                    
  31.5  39.3  23.7  28.9  16.0  15.3   1.7  23.4  44.4  66.4  98.6   1.4  25.8  47.8  73.9  99.3   0.3  20.3  54.2  81.0 100.0  295   2at2a                     
  31.0  32.3  28.9  20.6  21.7  21.0   1.3  24.4  45.6  75.4 100.0   0.4  22.7  48.6  70.7  99.8   0.2  24.8  58.9  80.3  99.6  467   1mina                     
  30.8  35.6  29.1  22.6  19.8  20.7   0.2  25.3  48.7  72.2  99.4   0.4  21.6  49.2  73.2  99.8   1.1  24.9  51.7  76.6 100.0  522   1minb                     
  26.5  33.5  29.6  21.4  17.7  22.9   1.2  22.6  50.6  76.2  99.7   2.1  21.0  47.0  72.9 100.0   0.3  26.5  52.4  75.6  98.8  328   1bgu                      
  26.6  38.7  28.6  21.4  16.0  23.1   0.1  23.1  48.8  78.1  99.6   0.2  25.1  47.3  71.0  99.8   1.1  23.0  49.8  72.9  99.9  822   1gpb                      
  38.4  39.5  17.3  28.5  15.9  13.3   0.7  26.6  49.8  75.3  97.4   2.2  18.8  48.0  74.2 100.0   0.4  28.0  53.5  76.0  99.6  271   2dri                      
  36.4  34.4  23.9  25.0  19.1  18.1   1.6  24.6  50.2  73.4  99.7   0.3  22.6  51.8  77.4  99.0   1.0  25.6  44.9  72.1 100.0  305   8abp                      
  38.2  35.6  21.4  28.6  21.1  13.6   0.3  23.9  51.8  76.4  99.4   2.3  24.6  49.5  75.1  99.7   1.3  26.2  46.3  72.2 100.0  309   1gca                      
  39.5  34.0  20.6  31.5  18.1  16.0   0.6  23.8  50.3  78.8  99.7   0.3  24.1  48.8  72.4  98.0   1.2  31.7  54.7  77.3 100.0  344   2liv                      
  33.2  42.3  18.8  32.4  13.5  18.4   0.5  30.8  53.4  76.4  99.5   1.0  25.0  44.7  73.1 100.0   2.4  13.9  37.5  66.3  97.1  208   1pda1                     
  36.2  33.7  24.3  26.0  20.1  17.5   0.6  23.0  50.2  76.1  99.7   1.3  22.7  49.2  70.6  99.0   0.3  27.2  51.1  83.2 100.0  309   1sbp                      
  30.8  39.5  25.3  23.8  16.3  20.7   0.2  21.3  47.2  78.7  97.7   0.6  26.3  48.5  71.6  99.0   2.3  27.9  52.8  76.8 100.0  517   1olba                     
  34.9  34.6  24.3  26.3  21.4  18.2   1.4  25.1  51.6  73.0  99.7   0.8  27.8  51.9  76.2  98.6   0.3  23.0  45.7  69.2 100.0  370   1omp                      
  36.6  33.2  23.9  27.4  20.7  16.5   0.4  27.7  50.8  74.4 100.0   1.3  20.6  45.8  71.4  98.7   2.1  28.6  55.9  82.8  99.2  238   1hsla                     
  40.2  33.3  21.2  24.7  17.8  16.2   0.6  20.2  50.2  72.9  98.8   0.3  24.6  47.7  70.4  99.7   3.4  33.3  57.0  81.3 100.0  321   1pbp                      
  36.6  35.1  23.8  26.0  19.0  18.0   0.3  25.9  47.3  74.4  99.4   0.6  21.3  48.2  70.7  99.1   1.2  29.3  58.2  80.8 100.0  328   1nnt                      
  33.0  42.0  19.2  29.6  11.7  17.0   3.6  31.2  48.7  76.8  99.1   0.4  25.0  49.1  77.2 100.0   1.8  16.5  49.6  67.9  97.8  224   1pxtb1                    
  32.3  38.7  17.7  25.2  13.8  15.4   5.6  29.8  60.5  75.8  96.0   0.8  16.1  40.3  66.9 100.0   6.5  22.6  50.8  78.2  99.2  124   1pxtb2                    
  44.2  34.6  19.2  28.2  12.6  18.4   1.0  17.3  47.1  69.2 100.0   1.9  29.8  55.8  79.8  99.0   3.8  26.0  43.3  56.7  96.2  104   9rnt                      
  41.7  34.4  18.8  32.6  16.8  10.5   1.0  18.8  50.0  78.1  99.0   2.1  14.6  37.5  56.2 100.0  29.2  41.7  57.3  71.9  92.7  96   1gmpa                      
  41.1  24.3  28.0  26.4  28.3  14.2   2.8  27.1  46.7  72.0  97.2   1.9  16.8  36.4  56.1  94.4   3.7  22.4  61.7  81.3 100.0  107   1bsaa                     
  46.4  28.6  23.2  34.5  23.6  14.5   3.6  30.4  46.4  78.6  98.2   8.9  21.4  48.2  66.1 100.0   1.8   7.1  50.0  58.9  92.9  56   1pga                       
  42.3  33.3  20.5  31.2  22.1  11.7   7.7  34.6  55.1  73.1 100.0   1.3  10.3  29.5  59.0  93.6   3.8  46.2  61.5  78.2  97.4  78   2ptl                       
  30.3  39.5  21.1  20.0  16.0  25.3   9.2  18.4  46.1  72.4 100.0   2.6  23.7  50.0  73.7  96.1   1.3  14.5  55.3  77.6  97.4  76   1ubi                       
  41.2  37.1  18.6  28.1  19.8  15.6   1.0  22.7  52.6  69.1 100.0   6.2  29.9  47.4  75.3  99.0   2.1  18.6  45.4  73.2  92.8  97   2pia3                      
  34.7  40.8  16.3  28.9  14.4  16.5   1.0  24.5  45.9  68.4 100.0   4.1  31.6  54.1  78.6  99.0   3.1  11.2  66.3  83.7  98.0  98   1frd                       
  35.8  41.5  17.0  30.5  12.4  19.0   0.9  18.9  38.7  58.5  97.2   2.8  28.3  60.4  79.2  99.1   1.9  11.3  48.1  66.0 100.0  106   1put                      
  28.7  32.7  28.7  20.0  16.0  22.0   3.0  33.7  54.5  68.3  97.0   1.0  10.9  38.6  79.2 100.0   9.9  22.8  41.6  61.4  93.1  101   1tssa2                    
  36.3  36.3  25.0  24.4  13.0  23.6   2.4  16.1  45.2  70.2  99.2   1.6  33.9  50.0  75.8 100.0   0.8  20.2  37.1  73.4  96.8  124   7rsa                      
  28.8  36.5  27.9  24.3  15.5  21.4   1.9  19.2  51.0  68.3  99.0   3.8  28.8  59.6  83.7 100.0   2.9  22.1  38.5  73.1  94.2  104   1onc                      
  28.5  35.8  30.1  21.3  19.7  18.0   1.6  17.9  42.3  69.9  95.9   0.8  31.7  56.1  83.7 100.0   4.1  19.5  40.7  66.7  99.2  123   1ang                      
  37.7  28.5  26.9  24.0  22.5  17.8   0.8  20.8  43.1  70.0 100.0   1.5  27.7  43.8  65.4  99.2   5.4  25.4  60.0  84.6  97.7  130   3cox2                     
  27.5  44.1  26.5  22.8  18.8  26.7  10.8  28.4  45.1  74.5  95.1   1.0  21.6  52.0  76.5 100.0   2.0  11.8  44.1  64.7  96.1  102   1pbe2                     
  38.5  30.8  24.6  28.1  21.9  20.3   3.1  24.6  49.2  75.4  98.5   1.5  21.5  38.5  58.5  92.3   9.2  16.9  60.0  73.8 100.0  65   1gal2                      
  20.6  49.2  30.2  24.2   9.7  33.9   3.2  15.9  30.2  58.7 100.0   6.3  25.4  50.8  79.4  98.4   1.6  23.8  39.7  69.8  96.8  63   1csei                      
  27.9  42.6  22.1  22.4  16.4  19.4   1.5  10.3  26.5  58.8 100.0   4.4  27.9  50.0  72.1  95.6   8.8  16.2  64.7  76.5  97.1  68   1tin                       
  25.0  34.1  36.4   9.3  23.3  30.2  11.4  31.8  47.7  59.1  88.6   4.5  20.5  56.8  90.9 100.0   2.3  18.2  43.2  68.2  84.1  44   3mona                      
  29.6  38.8  29.6  27.8  11.3  25.8   3.1  12.2  40.8  62.2  98.0   6.1  27.6  53.1  75.5  96.9   1.0  33.7  54.1  71.4 100.0  98   1stfi                      
  29.6  41.7  23.1  21.5  18.7  18.7   0.9  20.4  44.4  63.9  97.2   2.8  16.7  50.9  74.1 100.0  13.9  28.7  47.2  75.0  98.1  108   1cewi                     
  17.6  45.6  29.4  16.4   9.0  35.8  11.8  38.2  48.5  61.8 100.0   1.5  29.4  54.4  76.5  98.5   2.9  19.1  32.4  77.9  94.1  68   3il8                       
  31.9  44.9  23.2  26.5  16.2  22.1   1.4  13.0  44.9  63.8  94.2   2.9  30.4  55.1  81.2 100.0   4.3  26.1  40.6  66.7  92.8  69   1huma                      
  30.6  38.7  22.0  27.3  14.5  21.5   2.9  23.7  46.2  74.0  97.1   0.6  27.7  52.0  74.6 100.0   1.2  16.2  39.9  63.6  97.7  173   2glt2                     
  32.0  41.0  22.1  27.2  14.8  21.0   3.3  22.5  45.9  73.0  99.6   0.8  26.2  53.7  77.5 100.0   0.4  20.5  48.8  70.5  98.8  244   1scub1                    
  42.0  28.4  22.2  28.8  23.8  16.2   1.2  29.6  56.8  75.3 100.0   2.5  12.3  39.5  67.9  93.8   7.4  24.7  34.6  61.7  95.1  81   1pyaa                      
  36.4  33.3  24.1  28.2  22.0  15.0   0.9  25.0  47.8  71.1  98.7   1.8  21.5  52.2  77.6  99.1   0.4  25.4  47.4  71.5 100.0  228   1pyab                     
  28.8  36.9  31.2  27.0  15.7  25.2   1.9  21.2  43.8  76.2  99.4   1.2  25.0  53.8  75.6  98.8   3.1  22.5  48.8  69.4 100.0  160   1dlha1                    
  33.3  36.1  28.4  24.7  18.1  21.4   0.5  21.9  54.1  73.8 100.0   1.1  23.5  44.8  71.0  98.4   1.6  24.0  43.2  75.4  98.9  183   1vaaa1                    
  27.3  44.2  22.1  15.8  17.1  17.1  18.2  40.3  57.1  72.7 100.0   2.6  13.0  42.9  68.8  96.1   6.5  26.0  37.7  58.4  85.7  77   1pkp1                      
  34.5  41.4  16.1  30.2  11.6  16.3   5.7  24.1  51.7  69.0  97.7   1.1  26.4  50.6  83.9 100.0   2.3   9.2  34.5  62.1  93.1  87   1pda2                      
  39.7  30.9  16.2  25.4  13.4  14.9  10.3  29.4  45.6  69.1  92.6   2.9  23.5  50.0  75.0  98.5   4.4  11.8  47.1  85.3 100.0  68   1pkp2                      
  31.7  35.0  24.4  21.3  18.9  20.5   0.8  22.0  56.1  81.3  99.2   2.4  24.4  46.3  67.5 100.0   1.6  18.7  39.8  74.8  97.6  123   1efg3                     
  33.6  34.6  27.1  21.7  22.6  18.9   0.9  19.6  47.7  73.8  93.5   1.9  21.5  51.4  82.2 100.0  12.1  27.1  43.0  61.7  98.1  107   1fkf                      
  46.7  31.1  17.8  34.1  20.5  11.4   2.2  17.8  51.1  71.1 100.0  13.3  28.9  46.7  75.6  95.6   8.9  20.0  26.7  48.9  82.2  45   1ctn3                      
  29.2  44.4  16.7  26.8   9.9  15.5   6.9  19.4  41.7  58.3  80.6   2.8  23.6  54.2  81.9  98.6   1.4  12.5  50.0  75.0 100.0  72   1grj2                      
  33.6  32.8  27.2  26.6  15.3  16.9   1.6  23.2  50.4  72.8  98.4   3.2  17.6  48.0  68.8  96.8   0.8  22.4  43.2  77.6 100.0  125   2tpra3                    
  42.7  32.3  18.5  34.1  18.7  16.3   1.6  31.5  48.4  73.4 100.0   2.4  21.8  53.2  75.0  99.2   0.8  20.2  44.4  78.2  98.4  124   3lada3                    
  40.5  35.1  17.6  30.1  17.8  12.3   2.7  23.0  44.6  60.8 100.0   1.4  18.9  52.7  73.0  93.2   8.1  24.3  70.3  83.8  98.6  74   1fcda3                     
  38.5  38.5  19.2  26.4  20.2  13.2   3.8  23.1  50.0  77.7  99.2   0.8  18.5  46.2  63.1  98.5   6.2  36.9  53.8  76.2 100.0  130   2mnr1                     
  39.1  33.0  22.1  27.6  17.4  11.9   4.8  24.1  48.3  74.5  99.3   0.3  22.1  47.3  77.2 100.0   0.7  31.0  49.0  73.1  99.7  294   4enl2                     
  38.6  37.0  16.5  34.9  14.3  13.5   3.1  33.9  60.6  77.2  99.2   5.5  25.2  46.5  74.0 100.0   0.8  16.5  43.3  63.8  89.8  127   1chra1                    
  40.5  30.1  27.5  22.4  23.0  11.2   0.7  22.2  45.1  76.5  99.3   1.3  23.5  47.7  73.2 100.0   7.2  35.3  56.9  69.3  95.4  153   1ezm1                     
  45.8  25.8  24.5  25.3  23.4  11.7   1.3  23.2  45.2  76.1  99.4   4.5  21.3  56.1  76.8 100.0   7.1  27.1  49.0  67.7  97.4  155   8tlne1                    
  35.5  32.5  24.0  22.6  21.1  15.1   0.5  16.0  40.5  69.0  99.5   2.0  23.5  51.5  82.5 100.0   4.0  32.5  53.0  72.0  97.0  200   1iae                      
  27.4  36.8  26.9  19.5  18.5  19.5   6.5  32.3  54.7  75.6  91.0   0.5  19.9  47.8  73.1 100.0   2.5  20.9  50.7  76.6  99.5  201   1iag                      
  40.7  32.1  23.5  32.2  24.4  12.4   0.4  27.6  50.6  77.8  97.9   2.5  21.8  47.7  69.5  99.6   1.2  22.2  49.8  71.2 100.0  243   1srp1                     
  38.9  30.6  24.8  28.8  24.4  15.4   3.8  31.2  53.5  79.0 100.0   0.6  21.0  45.2  67.5  96.2   1.3  19.1  43.3  68.2  99.4  157   1hfc                      
  41.8  43.6   5.5  37.0   3.7   3.7   1.8  23.6  50.9  74.5 100.0   5.5  25.5  36.4  83.6  98.2   3.6   3.6  52.7  54.5  54.5  55   1fca                       
  29.7  45.3  18.8  30.2  15.9   9.5   1.6  20.3  40.6  65.6  98.4   9.4  26.6  56.2  75.0 100.0   3.1   6.2  42.2  57.8  95.3  64   1fxra                      
  29.0  41.0  21.0  34.3  16.2  17.2   2.0  26.0  50.0  72.0  98.0   4.0  29.0  52.0  76.0 100.0   1.0  14.0  34.0  60.0  96.0  100   2atcb1                    
  24.7  45.7  23.5  26.2   8.8  22.5   3.7  27.2  44.4  63.0  81.5   6.2  24.7  55.6  85.2 100.0   1.2   8.6  40.7  60.5  92.6  81   1pba                       
  31.5  33.6  25.2  26.8  19.0  17.6   0.7  29.4  58.7  74.8  97.2   2.1  26.6  49.7  65.7 100.0   2.8  25.9  42.0  78.3  99.3  143   1nhkl                     
  33.0  37.1  22.7  22.9  18.8  18.8   2.1  19.6  39.2  73.2  99.0   6.2  29.9  61.9  80.4  96.9   1.0  17.5  48.5  62.9 100.0  97   1sxl                       
  27.1  30.6  32.9  17.9  25.0  22.6   1.2  31.8  56.5  74.1 100.0   3.5  15.3  42.4  65.9  94.1   2.4  25.9  54.1  82.4  97.6  85   1nrca                      
  32.9  34.1  28.2  27.4  11.9  20.2   1.2  37.6  50.6  74.1  98.8   2.4  23.5  51.8  72.9  97.6   3.5  22.4  31.8  71.8 100.0  85   2bopa                      
  35.2  36.1  24.6  30.6  17.4  19.8   1.6  21.3  37.7  69.7  99.2   0.8  23.0  52.5  73.0  97.5   2.5  36.1  55.7  81.1 100.0  122   3rub1                     
  39.2  30.4  26.4  24.2  25.8  14.5   0.8  28.8  43.2  69.6 100.0   1.6  16.8  48.8  74.4  98.4   4.0  25.6  56.0  82.4  99.2  125   5rub1                     
  33.7  34.7  28.6  25.8  24.7  19.6   1.0  26.5  46.9  71.4  96.9   5.1  20.4  51.0  66.3  98.0   4.1  23.5  44.9  78.6 100.0  98   1aps                       
  16.5  50.5  27.8  19.8  11.5  26.0  15.5  29.9  50.5  72.2  95.9   5.2  19.6  43.3  71.1  99.0   1.0  28.9  55.7  79.4 100.0  97   1ris                       
  25.8  40.4  27.0  18.2  20.5  18.2  13.5  25.8  46.1  66.3  84.3   1.1  16.9  44.9  79.8  98.9   7.9  32.6  60.7  80.9  97.8  89   1efg4                      
  31.7  36.2  24.8  18.0  17.1  21.2   1.6  20.7  41.9  69.5  97.2   2.4  28.9  51.6  78.5  98.8   0.4  26.4  49.6  71.1 100.0  246   1chma2                    
  30.8  35.4  24.0  23.7  18.7  19.5   0.4  25.5  48.7  79.1  99.6   2.7  20.9  49.0  69.6 100.0   1.9  25.1  52.5  75.3  99.2  263   1mat                      
  36.4  43.0  16.4  32.3  15.9   9.1   0.6  27.9  46.7  69.1  96.4   1.2  23.0  49.7  73.9  99.4   3.6  28.5  56.4  79.4 100.0  165   2cmd2                     
  36.6  32.6  24.4  26.9  19.3  15.8   0.6  20.3  47.7  65.7  98.8   1.7  30.2  59.9  82.6  99.4   1.2  15.1  35.5  72.7  97.1  172   1bmda2                    
  36.1  36.1  20.1  24.4  16.1  17.9   1.8  24.9  50.3  72.8  99.4   0.6  21.3  43.8  77.5  98.2   3.6  22.5  46.2  69.8 100.0  169   1llda2                    
  36.4  35.2  20.6  26.4  11.0  15.0   0.4  23.9  47.4  71.3 100.0   0.8  25.1  56.3  83.4  99.2   1.6  19.0  39.3  66.0  99.6  247   1mrj                      
  30.7  37.9  24.1  25.8  15.4  20.0   1.1  23.4  47.9  78.9 100.0   0.8  25.3  52.5  77.0  99.2   2.3  24.9  44.1  69.3  96.9  261   1apa                      
  31.9  32.4  30.3  22.8  17.9  22.8   2.7  23.8  38.9  64.3 100.0   1.1  30.8  55.7  76.2  99.5   0.5  21.1  49.7  76.8  96.8  185   1ltsa                     
  38.5  34.8  23.5  26.9  18.3  17.2   0.5  21.9  41.2  70.1 100.0   2.7  37.4  56.7  75.9  99.5   5.3  20.9  45.5  74.9  97.3  187   1ddt1                     
  37.8  32.9  25.7  24.0  18.1  16.7   0.5  22.5  48.2  72.5  99.5   1.8  19.8  52.3  77.0  97.3   2.3  27.0  45.9  71.2 100.0  222   1prta                     
  26.8  39.0  24.4  20.0  12.5  30.0   2.4   4.9  29.3  70.7  87.8   9.8  17.1  39.0  63.4  95.1  36.6  41.5  58.5  68.3  97.6  41   1ltsc                      
  33.6  36.9  24.8  31.1  17.6  20.3   0.7  28.2  57.7  79.2 100.0   2.0  17.4  47.7  76.5  99.3   3.4  22.1  32.9  65.1  98.7  149   1rtm1                     
  25.4  39.8  28.8  25.6  17.1  23.9   1.7  11.0  38.1  65.3  97.5   3.4  28.0  53.4  72.0  99.2   0.8  21.2  50.8  81.4 100.0  118   1esl1                     
  38.4  31.4  20.9  29.4  24.7  12.9   1.2  26.7  53.5  73.3 100.0   3.5  15.1  37.2  54.7  97.7   8.1  22.1  57.0  74.4  96.5  86   1prtc1                     
  29.7  37.6  28.7  26.0  14.0  17.0   9.9  24.8  41.6  61.4  91.1   6.9  18.8  54.5  80.2 100.0   1.0  20.8  50.5  77.2  97.0  101   1ayaa                     
  37.6  30.3  27.5  30.6  12.0  19.4   0.9  23.9  44.0  71.6 100.0   3.7  22.0  40.4  70.6  93.6   7.3  21.1  52.3  77.1  99.1  109   1ab2                      
  25.7  36.2  33.3  23.1  13.5  23.1   1.0  14.3  41.9  66.7 100.0   2.9  27.6  58.1  74.3  98.1   5.7  22.9  46.7  80.0  92.4  105   2plea                     
  44.8  32.2  17.2  27.9  19.8   8.1   1.1  20.7  51.7  74.7  98.9   2.3  26.4  48.3  83.9 100.0   3.4   6.9  32.2  54.0  93.1  87   1spha                      
  37.6  40.0  18.8  35.7  14.3  17.9   8.2  30.6  48.2  68.2  96.5   3.5  21.2  60.0  82.4 100.0   1.2  20.0  34.1  57.6  95.3  85   1poh                       
  32.8  45.1  19.7  27.3  10.7  15.7   3.3  32.8  54.9  82.8  99.2   4.1  20.5  42.6  68.9  97.5   0.8   9.8  59.8  79.5 100.0  122   2pola1                    
  31.1  37.7  25.4  26.4  16.5  17.4   1.6  23.0  48.4  73.0  99.2   0.8  22.1  46.7  66.4  98.4   4.9  21.3  44.3  76.2 100.0  122   2pola2                    
  28.7  45.9  21.3  26.4   9.9  20.7   7.4  22.1  54.9  81.1  93.4   2.5  26.2  46.7  71.3 100.0   0.8  16.4  32.8  72.1  99.2  122   2pola3                    
  33.3  37.3  20.6  29.6  13.6  17.6   3.2  31.0  57.9  75.4  98.4   1.6  21.4  42.9  65.9 100.0   0.8  11.1  47.6  81.7  99.2  126   1plq1                     
  29.9  40.8  26.7  23.5  19.4  20.0   0.6  23.8  45.0  69.5 100.0   0.3  26.0  55.6  77.8  99.7   2.6  22.5  46.9  74.6  97.7  311   1srya2                    
  28.0  37.4  30.0  23.0  16.8  23.0   1.7  21.0  46.2  75.6  98.3   0.3  21.8  46.5  72.2 100.0   2.5  32.3  54.4  75.9  99.7  353   1asza2                    
  34.1  32.5  28.6  25.6  17.6  20.0   3.2  29.4  54.8  71.4  98.4   0.8  21.4  38.1  72.2  96.0   4.0  27.0  49.2  80.2 100.0  126   1vil                      
  36.2  38.3  21.3  22.6  10.8  23.7  10.6  26.6  48.9  69.1 100.0   1.1  22.3  47.9  76.6  97.9   2.1  13.8  51.1  73.4  95.7  94   1svr                       
  48.0  26.4  18.4  29.8  21.0  10.5   0.8  22.4  41.6  66.4  99.2   2.4  21.6  49.6  81.6  98.4   1.6  28.0  53.6  72.0 100.0  125   2acg                      
  40.3  30.9  23.7  28.3  24.6  16.7   0.7  19.4  46.0  67.6  98.6   2.9  25.2  46.8  73.4  99.3   2.2  28.1  61.2  85.6 100.0  139   2btfp                     
  26.4  36.1  31.4  20.3  18.8  26.8   0.3  23.2  52.5  74.5  99.4   0.6  23.8  47.5  75.1  99.7   2.1  22.9  45.5  73.6 100.0  341   1apme                     
  29.0  39.9  27.7  22.8  19.9  23.5   0.3  22.8  50.2  69.0  98.7   1.0  25.1  44.6  78.2  99.7   1.3  26.7  53.5  75.9 100.0  303   1irk                      
  32.5  37.3  24.5  24.2  20.4  18.5   2.8  25.9  50.9  76.4  97.2   0.9  23.6  46.7  67.5 100.0   1.9  28.8  47.2  78.3  99.5  212   1ppn                      
  35.6  35.6  24.4  31.4  19.1  18.1   1.0  20.5  49.3  73.7 100.0   0.5  21.5  41.0  69.3  98.5   8.3  29.8  53.2  71.7  99.0  205   1hucb                     
  37.1  35.5  21.9  23.5  19.2  13.7   0.4  22.3  55.5  77.7  99.2   2.3  27.0  49.2  67.2 100.0   1.2  23.8  47.3  76.6  98.8  256   4blma                     
  35.4  37.9  22.6  27.9  17.3  18.4   0.8  22.3  46.2  73.0  99.7   0.3  26.5  50.4  77.4 100.0   1.4  27.3  50.7  71.9  98.6  359   2blta                     
  43.8  34.3  19.3  35.3  19.9  11.8   0.3  22.2  51.3  74.1  99.4   0.9  23.9  47.8  74.4 100.0   4.6  30.5  48.7  78.1  99.7  347   3pte                      
  44.4  26.7  24.3  26.9  22.7  12.8   0.4  21.0  43.6  71.6 100.0   0.8  27.6  52.3  77.4  99.2   3.3  22.2  45.7  72.4  99.6  243   2baa                      
  36.4  33.3  25.6  25.0  17.2  18.0   3.1  24.8  46.5  69.8  97.7   1.6  23.3  50.4  72.1 100.0   0.8  14.7  41.1  79.8  99.2  129   2ihl                      
  34.0  30.9  28.4  27.3  19.9  21.1   6.2  25.9  47.5  72.2  98.8   1.2  24.7  48.8  71.6  92.0   0.6  19.1  54.3  77.8 100.0  162   1l92                      
  38.4  26.5  28.1  20.7  27.2  15.2   1.1  19.5  48.6  78.4  99.5   2.2  21.1  43.2  64.9  98.4   0.5  26.5  53.5  76.2 100.0  185   1gbs                      
  32.8  36.2  23.4  23.8  16.0  17.9   1.2  22.5  45.9  72.2 100.0   0.3  24.7  49.4  75.6  99.1   2.2  29.4  58.1  75.9  99.7  320   1frpa                     
  33.5  36.8  22.1  24.7  15.9  19.9   2.2  26.1  51.1  75.4  99.6   0.7  20.6  51.5  71.7 100.0   0.4  22.4  46.3  68.8  98.9  272   2hhma                     
  32.8  40.5  20.0  32.6  12.8  15.0   0.5  32.0  57.0  77.8 100.0   1.2  21.0  45.5  70.2  99.0   0.2  18.8  53.2  77.0  99.8  400   1inp                      
  31.0  37.9  24.5  23.5  20.0  19.1   0.2  22.2  52.7  73.3  99.8   0.7  25.3  46.2  75.3  99.6   0.4  26.4  50.7  75.1 100.0  546   1dpi                      
  30.6  36.2  25.0  26.7  17.9  19.0   1.5  24.5  51.5  76.0 100.0   0.5  20.4  43.9  66.8  99.0   5.6  31.1  53.1  74.5  98.0  196   1har                      
  27.9  37.5  27.9  20.1  16.3  22.2   0.4  15.8  45.4  75.0  99.6   2.5  26.7  49.6  71.7 100.0   2.9  23.3  50.4  73.8  99.2  240   1bpb                      
  31.4  37.2  26.2  25.4  15.2  22.4   1.5  18.0  43.9  82.8 100.0   0.6  27.6  50.3  74.7  99.7   0.3  28.5  51.5  71.2  93.9  344   1hlea                     
  22.6  35.5  32.3  16.7  10.0  23.3  19.4  19.4  61.3  83.9  96.8   3.2   6.5  29.0  67.7 100.0  12.9  25.8  41.9  51.6  90.3  31   1hleb                      
  22.9  34.3  31.4  17.6  11.8  35.3   2.9   8.6  54.3  77.1 100.0  14.3  28.6  48.6  82.9  97.1   5.7  17.1  31.4  71.4  94.3  35   1achb                      
  38.6  31.0  21.8  25.0  20.4  14.8   0.5  25.9  49.7  77.7  96.4   2.0  33.0  55.8  73.6  98.5   1.0  17.8  38.1  56.9 100.0  197   1cola                     
  33.7  39.8  18.8  28.9  13.9  20.0   0.6  30.4  51.9  66.9  99.4   1.1  27.1  48.6  77.9  98.9   3.9  15.5  32.0  68.5 100.0  181   1ddt2                     
  30.1  38.4  27.5  25.9  18.4  24.1   0.4  19.2  44.5  65.9  99.1   2.2  24.5  47.2  75.5  99.6   1.3  27.9  56.3  79.5 100.0  229   1dlc1                     
  40.9  28.2  27.0  25.2  24.9  14.9   0.3  24.2  50.0  69.7  99.1   0.6  28.5  49.7  78.5  99.7   1.2  22.1  45.8  70.6 100.0  330   1pho                      
  50.8  26.6  19.9  27.7  21.7  11.3   1.7  24.9  48.8  75.1  98.3   0.3  27.2  49.2  72.8  98.7   1.0  15.9  45.8  69.8 100.0  301   2por                      
  34.4  31.8  28.5  26.2  22.3  16.9   0.3  23.5  50.3  76.5 100.0   0.7  18.2  41.7  70.9  99.3   1.0  28.8  49.7  72.2  99.7  302   1pcrm                     
  32.6  32.6  28.2  23.9  18.8  18.8   0.4  21.2  51.6  76.2 100.0   0.7  28.9  48.4  69.2  98.9   1.8  22.7  52.0  75.8  99.6  273   1prcl                     
  39.2  41.2  19.6  28.0  18.0  16.0   5.9  41.2  60.8  82.4 100.0   3.9  19.6  29.4  58.8  94.1   2.0  17.6  49.0  62.7  86.3  51   9wga1                      
  41.2  41.2  17.6  27.3  15.2  21.2   2.9  29.4  55.9  73.5 100.0   8.8  14.7  32.4  64.7  91.2  20.6  20.6  41.2  50.0  94.1  34   9wga2                      
  44.2  41.9  11.6  33.3   7.1  14.3   9.3  18.6  62.8  86.0 100.0   7.0  27.9  39.5  60.5  93.0   4.7   4.7  23.3  48.8  69.8  43   9wga3                      
  47.6  33.3  16.7  31.7  14.6  12.2   9.5  21.4  59.5  81.0 100.0   4.8  26.2  40.5  66.7  95.2   2.4   2.4  23.8  47.6  71.4  42   9wga4                      
  36.1  36.1  25.0  25.7  20.0  22.9   5.6  33.3  47.2  66.7  91.7  11.1  19.4  44.4  69.4 100.0   2.8  22.2  36.1  58.3  97.2  36   4cpai                      
  33.3  37.5  22.9  27.7  25.5  21.3   4.2  20.8  35.4  66.7 100.0   2.1  14.6  52.1  72.9  93.8  18.8  22.9  43.8  60.4  97.9  48   1oma                       
  32.3  43.1  24.6  26.6  20.3  21.9   4.6  23.1  47.7  66.2  98.5   3.1  29.2  50.8  80.0 100.0   1.5  12.3  46.2  64.6  96.9  65   2sn3                       
  29.7  39.1  29.7  23.8  23.8  28.6   4.7  14.1  48.4  67.2  95.3   1.6  25.0  40.6  68.8  98.4   3.1  23.4  54.7  78.1 100.0  64   1ptx                       
  27.0  37.8  32.4  16.7  19.4  38.9   8.1  16.2  27.0  62.2 100.0  10.8  18.9  45.9  59.5  94.6   5.4  37.8  67.6  83.8  97.3  37   2crd                       
  22.6  48.4  25.8  23.3  13.3  23.3   3.2   3.2  45.2  61.3  77.4   9.7  16.1  38.7  67.7  93.5   6.5  19.4  41.9  80.6 100.0  31   1scy                       
  30.6  36.1  33.3  11.4  28.6  28.6  19.4  22.2  47.2  61.1  83.3   5.6  13.9  52.8  86.1  97.2   2.8  16.7  38.9  69.4 100.0  36   1chl                       
  24.3  43.2  29.7  13.9  11.1  33.3   2.7  24.3  29.7  56.8  97.3   5.4  16.2  37.8  75.7 100.0  18.9  43.2  64.9  78.4  91.9  37   1ktx                       
  40.0  40.0  17.5  25.6  17.9  17.9   2.5  17.5  35.0  60.0  85.0   7.5  30.0  55.0  87.5 100.0  32.5  32.5  57.5  72.5  97.5  40   1ica                       
  25.5  40.4  29.8  17.4  13.0  23.9  14.9  19.1  44.7  66.0  76.6   6.4  36.2  51.1  72.3 100.0   2.1  10.6  31.9  80.9  95.7  47   2gps                       
  41.7  41.7  13.9  28.6  14.3   2.9   2.8  16.7  38.9  58.3  91.7   5.6  22.2  69.4  80.6 100.0  11.1  11.1  13.9  36.1  88.9  36   2cbh                       
  30.8  46.2  12.8  36.8  13.2  10.5   2.6  23.1  51.3  76.9  97.4  12.8  25.6  43.6  59.0  92.3  48.7  48.7  64.1  84.6 100.0  39   1lpba1                     
  32.6  43.5  19.6  33.3  15.6  15.6   6.5  15.2  52.2  71.7  89.1   2.2  21.7  43.5  69.6 100.0  17.4  23.9  32.6  45.7  95.7  46   1lpba2                     
  27.8  44.4  25.0  25.7  17.1  31.4   2.8   8.3  33.3  44.4  80.6   5.6  22.2  50.0  77.8  97.2  13.9  41.7  55.6  75.0 100.0  36   1tabi                      
  30.6  41.9  21.0  34.4  11.5  19.7  12.9  22.6  37.1  64.5  91.9   4.8  19.4  66.1  87.1 100.0   1.6   9.7  41.9  51.6  82.3  62   3ebx                       
  32.8  37.7  27.9  25.0  20.0  18.3   1.6  14.8  34.4  72.1  93.4   4.9  31.1  57.4  80.3  98.4   3.3  18.0  44.3  54.1 100.0  61   1fas                       
  18.3  46.7  30.0  13.6  10.2  23.7  16.7  21.7  46.7  78.3  95.0   1.7  25.0  55.0  75.0 100.0   3.3  20.0  41.7  58.3  96.7  60   1cdta                      
  25.7  48.6  24.3  17.4  11.6  26.1  14.3  21.4  34.3  45.7  95.7   1.4  12.9  50.0  77.1 100.0   5.7  42.9  58.6  75.7  94.3  70   1erh                       
  34.5  29.3  32.8  21.1  22.8  17.5   5.2  43.1  62.1  86.2 100.0   3.4  12.1  24.1  58.6  94.8   1.7  25.9  39.7  70.7  91.4  58   7pti                       
  30.9  34.5  30.9  24.1  16.7  20.4   1.8  20.0  47.3  65.5 100.0   7.3  18.2  52.7  85.5  98.2   9.1  29.1  40.0  60.0  94.5  55   1knt                       
  35.0  28.3  30.0  20.3  23.7  18.6  16.7  33.3  53.3  75.0  96.7   3.3  13.3  31.7  65.0  98.3   1.7  15.0  45.0  71.7  93.3  60   1tap                       
  26.7  33.3  30.0  24.1  13.8  34.5   3.3  26.7  40.0  60.0  90.0   6.7  13.3  43.3  73.3 100.0  10.0  16.7  50.0  70.0  93.3  30   1dfna                      
  23.7  44.7  23.7  21.6  13.5  27.0   2.6  10.5  23.7  65.8  97.4   5.3  21.1  44.7  60.5  92.1  18.4  42.1  57.9  78.9 100.0  38   1bnb                       
  31.0  35.7  28.6  17.1  19.5  26.8   2.4  16.7  31.0  54.8  69.0   4.8  11.9  50.0  83.3  97.6   9.5  26.2  59.5  78.6 100.0  42   2bds                       
  43.8  29.2  20.8  34.0  10.6  12.8   2.1  18.8  39.6  58.3  87.5   6.2  16.7  43.8  56.2  91.7   8.3  27.1  75.0  93.8 100.0  48   2sh1                       
  35.3  47.1  15.7  46.0  14.0  16.0   3.9  13.7  51.0  64.7  94.1   2.0  23.5  39.2  74.5  98.0  21.6  25.5  52.9  82.4 100.0  51   2hcgb                      
  38.1  38.1  21.4  24.4  24.4  14.6   4.8  19.0  52.4  69.0  97.6  11.9  23.8  33.3  71.4  90.5   2.4  21.4  42.9  76.2 100.0  42   1ccf                       
  34.0  37.7  24.5  25.0  21.2  15.4   3.8  17.0  47.2  67.9  86.8   1.9  26.4  45.3  64.2  98.1   5.7  24.5  54.7  84.9 100.0  53   3egf                       
  32.0  42.0  26.0  24.5  18.4  22.4   6.0  22.0  56.0  80.0 100.0   2.0  18.0  50.0  66.0  98.0   8.0  24.0  36.0  58.0  90.0  50   4tgf                       
  20.0  46.0  30.0  14.3  18.4  38.8   2.0  16.0  56.0  78.0 100.0   6.0  24.0  50.0  72.0  96.0   4.0  20.0  42.0  66.0  98.0  50   1tpn                       
  36.7  40.0  23.3  13.8  17.2  17.2   3.3   6.7  16.7  40.0  96.7  43.3  60.0  76.7  86.7 100.0  20.0  20.0  30.0  56.7  73.3  30   2pf11                      
  29.1  40.7  30.2  18.8  16.5  24.7   4.7  17.4  33.7  53.5  98.8   1.2  30.2  59.3  79.1  95.3   2.3  14.0  45.3  69.8 100.0  86   1urk2                      
  32.0  46.0  22.0  38.8  12.2  24.5   2.0  22.0  48.0  80.0  96.0   4.0  20.0  44.0  70.0 100.0  10.0  14.0  46.0  62.0  98.0  50   3sgbi                      
  32.1  48.2  14.3  25.5   5.5  12.7   1.8  14.3  44.6  53.6  96.4   5.4  23.2  58.9  73.2 100.0   8.9  32.1  55.4  76.8  92.9  56   1tgsi                      
  29.4  41.2  23.5  26.0  18.0  16.0   7.8  17.6  39.2  56.9  92.2   2.0  13.7  49.0  72.5  98.0  19.6  29.4  60.8  84.3 100.0  51   4sgbi                      
  30.2  45.3  20.8  26.9   7.7  28.8   7.5  22.6  49.1  62.3  98.1   5.7  28.3  54.7  81.1 100.0   3.8  13.2  30.2  67.9  90.6  53   1pspa1                     
  26.4  47.2  22.6  25.0   9.6  23.1   3.8  20.8  45.3  62.3  94.3   1.9  15.1  43.4  71.7  96.2  13.2  24.5  60.4  83.0 100.0  53   1pspa2                     
  18.6  51.2  24.4  20.0   9.4  25.9   2.3  12.8  52.3  87.2 100.0   1.2  29.1  46.5  62.8  97.7   3.5  20.9  50.0  72.1  93.0  86   1pdga                      
  28.6  41.1  24.1  25.2  12.6  23.4   0.9  25.9  49.1  67.0 100.0   1.8  17.9  55.4  74.1  99.1   5.4  21.4  33.0  58.0  98.2  112   2tgi                      
  37.4  32.7  25.2  23.6  17.9  16.0   0.9  17.8  53.3  74.8 100.0   1.9  25.2  39.3  66.4  96.3   2.8  37.4  56.1  73.8  99.1  107   1bet                      
  28.2  45.9  24.7  23.8  19.0  20.2   2.4  30.6  58.8  76.5  96.5   1.2  12.9  40.0  65.9  97.6  15.3  36.5  50.6  78.8 100.0  85   1hcna                      
  28.2  50.9  17.3  32.1  11.0  17.4  11.8  28.2  59.1  86.4 100.0   1.8  21.8  47.3  70.0  99.1   0.9   8.2  52.7  66.4  95.5  110   1hcnb                     
  32.3  53.8  10.8  29.7   4.7  17.2   6.2  15.4  47.7  64.6  84.6   1.5  21.5  43.1  73.8 100.0   4.6   4.6  55.4  78.5  96.9  65   1hrti                      
  25.6  56.4  17.9  18.4   5.3  26.3   2.6  23.1  51.3  82.1  89.7   5.1  17.9  43.6  61.5 100.0   7.7   7.7  48.7  74.4  94.9  39   1dec                       
  39.0  32.2  26.3  23.9  21.4  16.2   0.8  18.6  47.5  67.8  99.2   3.4  27.1  44.1  72.0 100.0   6.8  25.4  50.8  75.4  97.5  118   2cy3                      
  38.3  27.1  34.6  16.0  27.4  21.7   0.9  25.2  55.1  80.4 100.0   1.9  17.8  35.5  73.8  98.1   2.8  24.3  53.3  67.3  99.1  107   2cdv                      
  43.5  29.0  22.6  29.5  11.5  19.7   1.6  22.6  50.0  62.9  91.9   4.8  29.0  48.4  71.0  96.8   9.7  12.9  32.3  66.1 100.0  62   1isua                      
  43.5  36.5  17.6  27.4  10.7  17.9   1.2  15.3  37.6  65.9 100.0   3.5  24.7  47.1  75.3  96.5  21.2  29.4  56.5  77.6  97.6  85   1hip                       
  38.0  39.4  22.5  27.1  25.7  14.3   5.6  22.5  49.3  73.2 100.0   1.4  32.4  46.5  77.5  97.2   4.2  16.9  50.7  70.4  94.4  71   2hipa                      
  21.6  29.7  45.9  13.9  25.0  36.1   5.4  13.5  40.5  59.5  83.8  10.8  16.2  37.8  67.6  97.3   2.7  24.3  48.6  73.0 100.0  37   2drpa1                     
  30.0  30.0  33.3  20.7  34.5  10.3   6.7  13.3  36.7  53.3  93.3  16.7  23.3  30.0  60.0 100.0   3.3  10.0  46.7  66.7  86.7  30   1paa                       
  26.7  20.0  53.3  10.3  44.8  17.2  20.0  36.7  53.3  80.0  93.3   6.7   6.7  26.7  30.0  60.0   3.3  23.3  50.0  76.7 100.0  30   4znf                       
  30.0  26.7  40.0   3.4  31.0  24.1   6.7  40.0  46.7  53.3  90.0  13.3  16.7  26.7  56.7  96.7   3.3  23.3  63.3  83.3 100.0  30   5znf                       
  33.3  36.7  28.3  25.4  10.2  18.6   5.0  20.0  35.0  75.0 100.0  10.0  18.3  48.3  66.7  96.7   1.7  31.7  58.3  76.7  95.0  60   1gata                      
  26.8  40.8  28.2  28.6   8.6  18.6   7.0  12.7  28.2  59.2  98.6   1.4  21.1  45.1  74.6  97.2  16.9  35.2  56.3  80.3 100.0  71   1rgd                       
  34.0  38.0  28.0  22.4  18.4  16.3   4.0  10.0  26.0  58.0  88.0  12.0  30.0  52.0  80.0 100.0   2.0  28.0  44.0  74.0  98.0  50   1tfi                       
  28.8  44.2  21.2  21.6  13.7  21.6   9.6  23.1  44.2  59.6  98.1   1.9  15.4  38.5  78.8 100.0   3.8  32.7  55.8  75.0  88.5  52   2atcb2                     
  39.2  41.2  19.6  38.0  12.0  18.0  11.8  33.3  52.9  68.6 100.0   7.8  21.6  45.1  74.5  96.1   2.0   3.9  23.5  56.9  94.1  51   8rxna                      
  43.3  40.0  16.7  37.9   3.4  24.1   6.7  26.7  36.7  53.3  93.3  10.0  16.7  50.0  76.7  96.7   3.3   3.3  66.7  73.3 100.0  30   2mhu                       
  38.7  45.2  12.9  43.3  13.3  10.0   6.5  32.3  54.8  77.4 100.0   9.7  19.4  35.5  58.1  96.8   3.2   3.2  41.9  67.7  83.9  31   1mrb                       
  32.3  48.4  19.4  30.0  13.3  23.3   3.2  22.6  41.9  61.3  87.1   6.5  12.9  51.6  80.6  96.8  16.1  16.1  48.4  64.5 100.0  31   1dmc                       
  33.3  25.0  41.7   8.6  31.4  20.0   5.6  19.4  50.0  69.4  91.7  27.8  36.1  41.7  77.8  97.2   2.8  11.1  47.2  66.7 100.0  36   2bpa3                      
  45.0  30.0  22.5  28.2  17.9  12.8  15.0  22.5  35.0  55.0  95.0   5.0  42.5  67.5  82.5 100.0   7.5  10.0  47.5  60.0  85.0  40   4rhv4                      
  35.8  31.3  26.9  25.8  21.2  15.2   1.5  23.9  47.8  71.6  95.5   3.0  20.9  41.8  70.1 100.0   9.0  28.4  55.2  76.1  97.0  67   1bhb                       
  29.0  42.0  21.7  20.6  16.2  17.6   8.7  30.4  49.3  76.8 100.0   4.3  21.7  40.6  63.8  89.9   1.4  13.0  33.3  78.3  98.6  69   1bct                       