  45.6  28.2  26.2  23.0  18.2  16.2   0.7  19.5  45.0  72.5  99.3   1.3  24.8  52.3  76.5  97.3  10.7  28.2  49.0  71.8 100.0  149   2lhb                      
  38.2  36.8  25.0  32.9  18.9  16.1   2.1  18.1  43.1  73.6  99.3   0.7  29.9  53.5  72.2 100.0   1.4  24.3  46.5  75.7  93.8  144   3sdha                     
  50.7  26.1  23.2  29.1  25.5   9.2   0.7  21.8  45.8  73.2  99.3   1.4  32.4  53.5  73.9  97.9   4.9  23.2  43.0  69.7 100.0  142   1flp                      
  48.3  28.6  23.1  32.9  17.8  13.7   0.7  20.4  43.5  76.9 100.0   1.4  21.8  47.6  70.7  99.3   4.8  25.9  57.1  69.4  91.2  147   2hbg                      
  31.8  37.0  31.2  30.7  17.0  21.6   2.6  26.0  48.7  78.6 100.0   1.3  18.8  44.8  70.1  99.4   0.6  28.6  51.9  76.0  98.7  154   2mge                      
  44.1  27.9  27.9  24.4  30.4  11.9   1.5  22.8  47.1  77.9  98.5   0.7  17.6  46.3  59.6  97.1   9.6  27.9  61.0  79.4 100.0  136   1eca                      
  36.6  41.8  21.6  27.0  16.4  16.4   0.7  25.5  52.9  73.9 100.0   2.0  23.5  50.3  74.5  96.7   7.8  19.0  44.4  72.5  97.4  153   2gdm                      
  38.4  36.3  25.3  29.7  20.0  17.9   2.7  26.0  47.9  68.5  97.3   0.7  19.2  51.4  74.0  96.6   1.4  28.1  48.6  79.5 100.0  146   1babb                     
  44.7  30.5  24.8  27.9  17.1  12.1   0.7  25.5  54.6  79.4  98.6   1.4  16.3  48.9  75.9  97.2   5.7  22.7  39.7  68.8 100.0  141   1itha                     
  32.7  32.7  34.7  20.5  25.3  21.9   0.7  19.7  49.7  71.4  96.6   1.4  24.5  47.6  78.2  99.3   2.0  23.8  50.3  76.2 100.0  147   1ash                      
  36.9  36.9  26.1  24.4  21.8  21.8   0.6  23.6  47.1  70.7 100.0   2.5  24.2  54.8  76.4  98.1  10.8  21.7  43.3  72.6  99.4  157   1hlb                      
  50.0  29.0  21.0  34.2  19.9  10.6   1.9  22.8  43.8  69.8 100.0   3.1  27.2  58.6  80.2  99.4   0.6  19.8  51.2  74.1  96.3  162   1cpca                     
  50.0  31.4  18.6  33.9  17.0  10.5   1.7  26.7  55.8  79.7 100.0   1.2  23.3  41.9  66.9  99.4   0.6  22.1  48.8  68.0  96.5  172   1cpcb                     
  33.3  42.3  24.4  36.4  20.8  22.1   2.6  23.1  50.0  73.1  98.7   1.3  21.8  47.4  74.4  97.4   6.4  17.9  46.2  65.4 100.0  78   1grj1                      
  28.2  48.2  23.6  32.1  12.8  21.1   2.7  26.4  57.3  83.6 100.0   1.8  25.5  43.6  71.8  93.6   0.9  13.6  39.1  65.5  96.4  110   1srya1                    
  36.6  37.8  25.6  27.2  19.8  17.3   1.2  15.9  43.9  72.0 100.0   3.7  28.0  50.0  73.2  97.6   2.4  30.5  37.8  69.5  93.9  82   1isca1                     
  45.0  27.9  27.0  21.8  25.5  18.2   0.9  19.8  44.1  66.7 100.0   4.5  32.4  59.5  74.8  97.3   2.7  23.4  55.0  73.9  96.4  111   1ccr                      
  44.4  29.0  26.6  20.3  26.0  16.3   2.4  20.2  39.5  66.9 100.0   0.8  17.7  50.8  71.8  98.4   8.1  43.5  61.3  79.8  99.2  124   1cxa                      
  46.3  32.9  20.7  42.0  14.8  13.6   2.4  24.4  47.6  73.2  97.6   1.2  15.9  53.7  78.0  98.8   8.5  19.5  34.1  59.8 100.0  82   2pac                       
  46.3  29.9  23.8  24.0  22.6  15.8   0.7  29.3  53.7  74.1 100.0   2.0  21.8  34.0  63.3  99.3   2.7  21.1  53.1  79.6  98.6  147   2mtac                     
  45.6  21.5  32.9  16.7  30.8  15.4   1.3  16.5  35.4  63.3  97.5   7.6  31.6  46.8  74.7 100.0   8.9  34.2  55.7  79.7  98.7  79   1c53                       
  47.5  27.5  25.0  24.1  22.8  17.7   2.5  20.0  37.5  68.8 100.0   1.2  12.5  47.5  61.2  98.8   7.5  43.8  67.5  85.0  97.5  80   1fcdc1                     
  41.5  27.7  30.9  18.3  28.0  19.4   1.1  13.8  39.4  73.4  97.9   3.2  28.7  52.1  77.7 100.0   2.1  24.5  54.3  69.1  95.7  94   1fcdc2                     
  22.2  44.4  33.3  18.9  15.1  28.3   3.7   9.3  22.2  63.0  96.3  16.7  35.2  57.4  74.1 100.0   1.9  24.1  42.6  81.5  98.1  54   1enh                       
  28.6  42.9  28.6  30.3   9.2  25.0   6.5  19.5  50.6  63.6  96.1  11.7  27.3  45.5  71.4  94.8   1.3  16.9  46.8  85.7 100.0  77   1lfb                       
  22.0  40.7  37.3  15.5  20.7  25.9   5.1  27.1  47.5  66.1 100.0  15.3  25.4  54.2  74.6  96.6   1.7  10.2  44.1  79.7  98.3  59   1aplc                      
  19.7  45.9  34.4  18.3  10.0  28.3   9.8  16.4  36.1  45.9 100.0  13.1  34.4  54.1  72.1  98.4   1.6   8.2  41.0  78.7  95.1  61   1hdp                       
  28.0  40.0  32.0  20.4  18.4  18.4   2.0  26.0  60.0  70.0  88.0   8.0  20.0  34.0  56.0 100.0   4.0  28.0  58.0  80.0  98.0  50   1hcra                      
  32.6  37.2  30.2  23.8  21.4  16.7   2.3  20.9  48.8  62.8  97.7  14.0  30.2  55.8  88.4 100.0   4.7   9.3  32.6  60.5  86.0  43   1ret                       
  21.8  38.2  40.0  14.8  22.2  33.3   9.1  14.5  43.6  65.5  94.5   3.6  23.6  36.4  74.5  98.2   1.8  25.5  49.1  72.7 100.0  55   1msec1                     
  30.0  34.0  36.0  24.5  20.4  22.4   4.0  10.0  48.0  68.0  90.0  12.0  22.0  42.0  60.0 100.0   2.0  26.0  46.0  82.0  98.0  50   1msec2                     
  36.1  40.3  23.6  25.4  22.5  15.5   4.2  27.8  44.4  68.1  90.3   5.6  20.8  56.9  79.2 100.0   1.4  16.7  38.9  63.9  93.1  72   1leb                       
  36.8  44.1  19.1  28.4  20.9  14.9   1.5  20.6  35.3  61.8  95.6   2.9  19.1  54.4  77.9 100.0   7.4  29.4  42.6  70.6  94.1  68   3gapb2                     
  40.5  29.7  29.7  23.3  21.9  23.3   1.4  16.2  44.6  75.7  98.6   9.5  33.8  58.1  70.3  97.3   2.7  23.0  45.9  67.6 100.0  74   1hsta                      
  32.1  35.8  32.1  21.0  20.0  21.0   0.9  16.0  36.8  69.8  95.3   3.8  29.2  45.3  68.9  97.2   6.6  31.1  60.4  82.1 100.0  106   1hks                      
  40.5  37.8  21.6  30.6   8.3  25.0   5.4  10.8  45.9  62.2  86.5   2.7  21.6  37.8  75.7 100.0  16.2  18.9  54.1  81.1  97.3  37   1bbl                       
  39.5  34.9  25.6  26.2  19.0  23.8   7.0  25.6  55.8  83.7 100.0   2.3  16.3  46.5  69.8  90.7   9.3  18.6  27.9  60.5  88.4  43   2pde                       
  52.5  32.5  15.0  41.0  12.8   7.7   2.5  17.5  42.5  65.0  95.0  10.0  20.0  30.0  52.5 100.0  62.5  62.5  75.0  77.5  97.5  40   1erl                       
  60.0  22.5  17.5  35.9  25.6   5.1   2.5  25.0  50.0  80.0 100.0  15.0  17.5  52.5  72.5  97.5   7.5   7.5  35.0  47.5  65.0  40   1erd                       
  47.4  39.5  13.2  40.5  13.5  13.5   2.6  18.4  52.6  68.4 100.0   5.3  13.2  31.6  73.7  94.7  42.1  42.1  47.4  63.2  84.2  38   1erp                       
  30.6  44.4  25.0  28.0  14.0  21.0   0.7  29.9  54.2  74.3 100.0   1.4  20.8  43.8  70.1  97.9   2.1  27.1  50.7  81.9  97.2  144   1lpe                      
  37.7  39.7  22.6  33.1  16.6  15.2   3.4  29.5  46.6  74.0  99.3   1.4  17.1  49.3  73.3  98.6   0.7  26.7  50.0  72.6 100.0  146   1was                      
  40.6  34.9  24.5  28.6  16.2  17.1   0.9  26.4  43.4  68.9  94.3   2.8  15.1  45.3  73.6  97.2   6.6  31.1  57.5  80.2 100.0  106   256ba                     
  49.6  28.3  22.0  33.3  24.6  16.7   1.6  28.3  52.8  77.2 100.0   0.8  14.2  40.9  65.4  99.2   2.4  22.0  46.5  74.0  98.4  127   2ccya                     
  35.4  31.9  32.7  20.5  26.8  17.9   0.9  16.8  44.2  69.9  98.2   3.5  29.2  49.6  71.7 100.0   1.8  23.0  59.3  77.0  99.1  113   2hmza                     
  42.2  39.6  18.2  26.1  13.1  15.7   0.6  20.8  52.6  75.3 100.0   2.6  23.4  49.4  70.1  98.1   1.3  29.9  44.2  72.7  98.7  154   2tmvp                     
  39.6  32.5  27.9  25.5  24.8  19.0   0.6  15.6  43.5  64.3  98.1   3.9  31.8  58.4  79.2  97.4   2.6  26.0  47.4  79.9 100.0  154   3mdda1                    
  25.3  48.1  26.6  26.8  13.4  24.2   1.9  31.6  57.0  71.5 100.0   4.4  25.9  50.0  78.5  99.4   0.6  19.6  36.1  70.9  98.1  158   1bcfa                     
  30.2  41.3  28.5  20.5  15.8  28.7   0.6  23.8  52.9  76.2 100.0   1.7  24.4  47.7  72.7  99.4   2.9  22.7  39.0  72.1  98.3  172   1fha                      
  32.6  41.8  25.6  31.6  19.5  20.1   0.3  26.5  50.9  75.6  99.1   2.9  25.6  49.7  74.1 100.0   0.6  18.2  48.8  70.9  99.4  340   1riba                     
  38.8  31.2  29.9  27.2  22.5  19.1   1.3  22.7  47.7  77.3  99.5   0.3  28.6  54.2  75.0  99.7   0.5  24.2  45.8  71.4 100.0  384   1mmob                     
  35.4  35.2  29.5  26.6  19.8  21.9   0.2  28.3  48.0  73.8  99.8   0.6  23.2  47.1  77.3  99.4   0.8  23.4  54.9  73.6 100.0  512   1mmod                     
  42.1  40.3  17.6  31.0  14.6  13.3   0.6  27.7  52.8  75.5 100.0   1.3  23.9  44.7  68.6  97.5   3.8  22.6  66.7  83.6  99.4  159   1bgeb                     
  36.0  41.3  22.7  31.6  15.2  17.0   1.2  22.7  48.3  71.5  99.4   0.6  23.3  51.7  72.7  98.8   4.1  25.6  45.3  75.6 100.0  172   1lki                      
  34.9  42.8  22.3  28.5  20.0  21.2   1.2  22.3  47.6  74.1  99.4   2.4  24.7  48.8  71.1  97.0   0.6  21.1  51.8  80.1 100.0  166   1huw                      
  38.7  38.7  22.7  22.9  16.9  16.9   0.8  22.7  53.8  73.1  98.3   5.9  20.2  42.9  74.8 100.0   7.6  26.9  57.1  69.7  99.2  119   1gmfa                     
  34.9  37.2  27.9  25.8  15.6  22.7   2.3  23.3  38.8  72.9 100.0   3.9  17.8  51.2  75.2  94.6   0.8  36.4  57.4  70.5  97.7  129   1rcb                      
  31.5  42.7  25.9  24.6  20.4  23.2   0.7  18.9  46.2  68.5 100.0   1.4  25.9  51.7  76.9  99.3   2.1  28.7  45.5  72.0  97.9  143   1hmcb                     
  27.2  41.7  31.1  23.3  20.7  27.3   1.3  14.6  37.7  65.6  96.7   0.7  27.2  48.3  74.8 100.0   3.3  19.9  59.6  80.1  99.3  151   1ilk                      
  18.9  47.2  34.0  12.0  15.8  32.9   6.3  23.3  44.7  68.6  96.9   1.9  17.0  48.4  67.3 100.0   0.6  27.0  58.5  79.9  98.7  159   1ifa                      
  24.4  47.1  28.6  20.3  11.0  24.6   1.7  19.3  34.5  70.6 100.0   0.8  27.7  53.8  80.7  99.2   3.4  24.4  46.2  67.2  98.3  119   1rfba                     
  31.0  39.4  29.6  28.6  24.3  21.4   1.4  31.0  49.3  62.0  98.6   2.8  19.7  50.7  77.5 100.0  11.3  21.1  45.1  74.6  93.0  71   1pou                       
  33.3  44.8  21.8  37.2  11.6  20.9   1.1  31.0  47.1  66.7 100.0   2.3  20.7  51.7  73.6  98.9  12.6  19.5  40.2  74.7  95.4  87   1lmb3                      
  32.3  40.0  27.7  31.2  14.1  21.9   4.6  30.8  49.2  78.5 100.0   3.1  23.1  50.8  72.3  95.4   1.5  15.4  38.5  69.2  96.9  65   2cro                       
  34.2  42.1  23.7  42.7  13.3  21.3   3.9  32.9  59.2  78.9  98.7   2.6  27.6  51.3  69.7  97.4   1.3  14.5  23.7  50.0 100.0  76   1adr                       
  39.4  30.3  30.3  24.6  26.2  21.5   9.1  28.8  54.5  74.2 100.0   3.0  24.2  47.0  68.2  92.4   1.5  18.2  39.4  62.1  95.5  66   1croa                      
  30.3  47.4  22.4  22.7  12.0  24.0   3.9  21.1  50.0  63.2  98.7   6.6  31.6  52.6  80.3 100.0   1.3  14.5  34.2  67.1  96.1  76   4icb                       
  45.9  26.6  27.5  23.1  25.0  13.9   0.9  19.3  56.0  77.1 100.0   4.6  30.3  54.1  74.3  99.1   1.8  24.8  40.4  62.4  93.6  109   1rtp1                     
  35.3  44.1  20.6  27.3  18.2  15.2   5.9  26.5  52.9  79.4 100.0   8.8  14.7  47.1  73.5  88.2   2.9   2.9  32.4  44.1  91.2  34   1ctaa                      
  31.4  39.5  29.2  23.9  18.5  25.5   1.1  27.0  45.9  67.6  95.7   0.5  19.5  53.0  75.7  99.5   1.6  25.9  47.6  77.3 100.0  185   1rec                      
  40.2  32.2  27.6  29.5  22.0  18.5   0.6  29.3  54.0  76.4  98.9   1.7  30.5  52.9  78.7 100.0   2.3  16.1  39.1  68.4  97.7  174   2scpa                     
  38.4  33.5  28.1  23.9  20.7  21.7   0.5  26.5  51.4  76.8 100.0   1.1  24.9  53.5  73.5  98.9   2.7  18.9  42.7  70.3  99.5  185   2sas                      
  39.6  35.6  24.8  33.8  18.9  18.9   0.7  20.8  45.6  67.8 100.0   1.3  26.8  51.7  79.9  97.3   6.0  23.5  46.3  65.1  98.0  149   2scmc                     
  20.0  47.5  32.5  23.1  17.9  28.2   5.0  22.5  50.0  65.0  95.0   7.5  27.5  47.5  70.0  92.5   2.5  17.5  42.5  75.0 100.0  40   1mylb                      
  34.6  39.4  26.0  31.1  16.5  23.3   1.0  24.0  55.8  71.2  97.1   1.9  26.9  45.2  73.1  99.0   2.9  16.3  41.3  75.0 100.0  104   1cmca                     
  30.8  35.3  33.8  25.0  22.0  28.8   1.5  30.1  54.1  75.9  98.5   0.8  13.5  34.6  64.7  99.2   6.8  31.6  50.4  76.7 100.0  133   2gsta2                    
  35.4  41.5  23.1  29.5  19.4  24.0   0.8  20.0  51.5  75.4  98.5   3.1  25.4  49.2  66.9 100.0   1.5  22.3  38.5  76.9  99.2  130   1gsra2                    
  36.2  37.8  26.0  31.7  15.9  19.8   1.6  26.0  51.2  72.4  99.2   0.8  20.5  44.1  68.5  97.6   3.1  24.4  54.3  83.5 100.0  127   1gsq2                     
  47.8  36.7  15.6  33.7  18.0  13.5   2.2  22.2  44.4  73.3  97.8   1.1  28.9  54.4  72.2 100.0   5.6  17.8  48.9  65.6  98.9  90   1lpt                       
  47.1  33.9  19.0  30.8  20.8  12.5   1.7  20.7  44.6  70.2  99.2   0.8  31.4  55.4  79.3 100.0   7.4  18.2  37.2  62.8  92.6  121   1bip                      
  45.5  25.5  29.0  25.7  22.2  16.7   2.8  27.6  51.0  79.3 100.0   0.7  22.8  47.6  70.3  97.9   1.4  19.3  44.1  65.5  94.5  145   1ezm2                     
  46.0  32.9  21.1  30.6  16.9  15.0   3.7  27.3  49.1  76.4  98.8   0.6  16.1  50.3  73.3  99.4   1.2  29.8  47.2  69.6 100.0  161   8tlne2                    
  37.8  34.0  28.2  22.4  21.7  21.0   1.7  26.1  46.7  73.5  99.7   0.3  25.1  54.3  74.2 100.0   1.0  23.7  52.2  76.6  97.6  291   7ccp                      
  50.1  30.6  19.2  32.2  18.7  11.1   0.3  23.0  51.0  77.0 100.0   1.5  26.5  49.6  73.5  98.5   2.0  21.6  45.8  71.7  99.7  343   1lgaa                     
  42.7  31.1  26.2  31.4  23.5  13.7   1.0  22.3  46.6  73.8 100.0   1.9  28.2  57.3  76.7  98.1   4.9  16.5  42.7  68.0  95.1  103   1mypa                     
  37.0  38.1  24.9  30.4  16.5  18.9   0.4  21.4  45.2  73.6  99.8   0.2  23.8  52.2  74.7  99.4   2.8  31.2  50.2  74.9 100.0  462   1mypc                     
  38.3  38.8  23.0  30.0  19.6  17.1   0.7  23.0  50.9  75.8  99.8   0.2  26.7  49.4  73.3 100.0   2.0  23.2  47.9  73.8  99.5  405   2cp4                      
  34.8  37.9  27.4  28.1  19.3  21.9   0.2  24.3  50.3  74.2 100.0   0.4  27.1  51.2  74.4  99.6   0.7  21.9  44.9  75.5  98.9  457   2hpda                     
  41.5  32.5  26.0  29.0  20.9  15.8   0.5  24.5  50.7  71.6 100.0   1.7  23.8  48.1  76.2  98.8   0.2  25.5  49.5  77.9  99.8  412   1cpt                      
  46.3  21.6  32.1  20.3  27.8  13.5   3.0  22.4  42.5  62.7  97.0   0.7  15.7  54.5  73.9  97.8   2.2  25.4  60.4  83.6 100.0  134   1poc                      
  50.8  25.4  23.7  23.9  28.2  12.8   9.3  28.0  52.5  74.6 100.0   0.8  11.0  46.6  75.4  96.6   2.5  16.1  43.2  58.5  99.2  118   1poa                      
  40.5  26.4  33.1  20.8  27.5  15.8   0.8  23.1  41.3  71.1 100.0   1.7   9.9  57.9  71.9  93.4   5.8  34.7  52.9  85.1  96.7  121   1ppa                      
  12.9  54.8  32.3  13.3  10.0  26.7  22.6  22.6  45.2  77.4 100.0  12.9  29.0  41.9  67.7  96.8   3.2   6.5  48.4  58.1  90.3  31   2ztaa                      
  47.8  37.0  15.2  35.6  13.3   8.9   2.2  15.2  37.0  60.9 100.0   4.3  19.6  56.5  69.6  93.5  41.3  41.3  54.3  91.3  97.8  46   1pfia                      
  16.7  41.7  41.7  16.9  16.9  39.0   5.0  11.7  35.0  51.7  98.3   3.3  28.3  53.3  71.7 100.0   1.7  23.3  40.0  76.7  96.7  60   1scma                      
  46.9  32.4  20.7  26.4  19.3  12.7   1.9  27.2  50.7  76.5 100.0   0.5  20.2  43.7  70.0  99.5   1.4  24.4  54.9  80.8  98.6  213   6fabl                     
  36.9  37.4  25.7  29.3  20.0  22.0   0.5  24.3  51.5  76.2  99.5   1.5  23.8  46.6  71.4 100.0   1.9  24.8  47.1  75.2  98.1  206   1fc2d                     
  38.2  42.7  19.1  27.1  14.1  13.6   3.4  27.0  56.7  73.0 100.0   1.7  28.7  52.2  78.1  99.4   0.6  15.2  33.1  60.1  96.1  178   3cd4                      
  35.6  46.3  18.1  35.2  11.9  15.3   0.6  20.9  43.5  67.2  97.7   1.7  29.9  55.4  78.0 100.0   3.4  20.3  46.9  73.4  98.3  177   1cid                      
  36.9  34.6  28.5  27.5  14.6  25.3   0.6  19.6  53.6  78.8  98.9   1.1  24.0  51.4  72.1  99.4   3.9  25.7  43.6  73.7 100.0  179   1hnf                      
  34.7  40.6  24.8  36.0  13.0  19.0   2.0  20.8  47.5  74.3 100.0   1.0  16.8  36.6  62.4  97.0  18.8  41.6  64.4  79.2  98.0  101   1dlha2                    
  36.7  40.8  22.4  28.9  15.5  14.4   5.1  28.6  54.1  77.6 100.0   3.1  23.5  51.0  71.4  96.9   1.0  13.3  39.8  64.3  99.0  98   1dlhb                      
  38.5  35.2  26.4  30.0  24.4  14.4   1.1  18.7  41.8  68.1  96.7   6.6  38.5  50.5  74.7  97.8   3.3  16.5  49.5  80.2 100.0  91   1vaaa2                     
  36.4  30.3  33.3  16.3  36.7  17.3   4.0  28.3  59.6  77.8  99.0   1.0  16.2  35.4  49.5  93.9   3.0  31.3  54.5  78.8 100.0  99   1vaab                      
  42.1  32.5  25.4  29.2  16.8  16.8   0.9  27.2  46.5  70.2 100.0   1.8  17.5  43.9  69.3  98.2   2.6  32.5  59.6  79.8  97.4  114   1cd8                      
  43.7  33.0  23.3  30.4  22.5   7.8   1.9  26.2  57.3  75.7  99.0   1.0  21.4  55.3  70.9  98.1   4.9  13.6  40.8  53.4 100.0  103   1tlk                      
  42.9  35.2  22.0  32.2  18.9  12.2   4.4  23.1  45.1  67.0  96.7   2.2  34.1  64.8  82.4  98.9   1.1  13.2  39.6  59.3 100.0  91   1tnn                       
  50.0  31.4  18.6  37.6  14.9  14.9   1.0  23.5  44.1  71.6  99.0   2.0  24.5  53.9  75.5 100.0   5.9  17.6  43.1  78.4  97.1  102   1gof1                     
  52.9  30.6  16.5  33.3  17.9  13.1   1.2  23.5  44.7  68.2  97.6   5.9  22.4  62.4  81.2 100.0   8.2  16.5  40.0  63.5  96.5  85   1cgt1                      
  36.4  32.9  30.7  22.9  26.9  17.6   0.4  29.4  53.5  76.3  97.4   2.6  16.2  40.4  65.4  98.7   0.9  22.8  51.3  82.9 100.0  228   1oxy1                     
  42.0  34.0  24.0  28.3  18.2  20.2   3.0  29.0  52.0  70.0  95.0   1.0  20.0  47.0  79.0 100.0   4.0  21.0  45.0  72.0  99.0  100   1clc1                     
  51.4  32.1  16.5  22.2  13.0  14.8   0.9  22.9  55.0  76.1 100.0   7.3  25.7  41.3  73.4  98.2   4.6  13.8  42.2  70.6  79.8  109   1ctn1                     
  38.6  44.6  16.8  33.0  17.0  11.0   1.0  18.8  43.6  63.4 100.0   4.0  22.8  56.4  84.2  99.0   3.0  23.8  35.6  68.3  79.2  101   1ncia                     
  63.4  28.6   8.0  37.8   7.2   7.2   0.9  21.4  47.3  75.0 100.0   3.6  22.3  39.3  67.9  97.3  27.7  28.6  59.8  64.3  99.1  112   2mcm                      
  48.0  34.0  18.0  36.2  14.1  15.4   2.0  28.0  53.3  80.0 100.0   0.7  18.0  44.0  71.3  97.3   1.3  27.3  41.3  69.3  98.7  150   1xsoa                     
  53.8  29.7  16.5  32.2  17.8   6.7   1.1  22.0  51.6  72.5  97.8   3.3  15.4  44.0  71.4 100.0  18.7  28.6  47.3  74.7  96.7  91   1fna                       
  47.2  36.0  16.9  36.4  19.3   8.0   2.2  19.1  48.3  73.0 100.0   1.1  21.3  44.9  67.4  95.5  11.2  24.7  49.4  83.1  97.8  89   1ten                       
  48.0  31.0  21.0  23.2  19.2  17.2   4.0  29.0  53.0  86.0  99.0   1.0  14.0  35.0  66.0 100.0  10.0  32.0  51.0  72.0  93.0  100   1cfb1                     
  41.1  31.1  27.8  27.0  24.7  15.7   2.2  22.2  53.3  73.3  95.6   1.1  32.2  56.7  82.2 100.0   3.3  16.7  35.6  61.1  92.2  90   3hhr1                      
  30.2  43.4  26.4  26.7  12.4  26.7   0.9  16.0  35.8  67.0  98.1   4.7  22.6  47.2  74.5  99.1   8.5  36.8  53.8  76.4 100.0  106   3hhr2                     
  40.8  35.7  23.5  26.8  23.7  15.5   1.0  26.5  51.0  75.5  96.9   2.0  21.4  54.1  80.6 100.0   7.1  17.3  43.9  69.4  98.0  98   2hft1                      
  38.7  39.5  21.8  30.5  16.9  20.3   0.8  17.6  46.2  63.9 100.0   1.7  26.9  42.9  75.6  95.0   5.0  22.7  57.1  76.5  97.5  119   3dpa1                     
  34.1  37.0  28.9  24.6  23.1  18.7   0.7  25.9  43.0  74.1 100.0   3.0  20.0  41.5  69.6  98.5   5.9  38.5  51.9  76.3  96.3  135   1rsy                      
  34.3  36.4  29.3  23.5  29.6  18.4   4.0  25.3  57.6  75.8  99.0   1.0  21.2  38.4  64.6  93.9   3.0  26.3  56.6  78.8 100.0  99   1frub                      
  46.7  29.9  23.4  31.9  22.1  13.1   0.5  28.5  55.1  74.8  99.5   0.9  22.4  53.7  79.4  99.1   1.4  22.0  37.9  66.8 100.0  214   8fabb                     
  41.3  33.5  25.2  33.1  24.0  17.5   0.6  21.9  43.9  71.0 100.0   4.5  27.7  47.1  78.7  98.7   2.6  23.2  51.6  72.9  99.4  155   1ddt3                     
  60.0  27.3  12.7  31.2  16.5   9.2   0.9  28.2  53.6  77.3 100.0   8.2  16.4  44.5  62.7  99.1  10.9  19.1  40.0  65.5  90.9  110   1exg                      
  37.1  40.7  22.2  30.7  16.3  19.3   1.2  22.8  50.9  79.0  99.4   1.8  23.4  44.9  67.7 100.0   0.6  29.9  56.3  76.6  98.8  167   1ctm1                     
  45.2  34.6  20.2  26.2   9.7  15.5   1.0  25.0  51.0  80.8  96.2   3.8  19.2  39.4  64.4 100.0   7.7  43.3  54.8  69.2  99.0  104   1cgt2                     
  44.1  31.4  24.6  26.5  19.7  14.5   1.7  26.3  50.0  78.8  99.2   3.4  18.6  46.6  68.6  98.3   0.8  22.0  51.7  67.8 100.0  118   1etb1                     
  39.5  39.0  21.5  29.1  19.6  17.1   0.5  21.0  47.5  70.5  99.5   1.0  24.5  45.0  75.0  98.0   8.0  32.0  55.0  83.0 100.0  200   2pcda                     
  41.6  32.2  26.2  33.2  23.3  12.9   0.4  21.0  50.2  70.4  98.7   1.3  27.5  46.8  80.7 100.0   3.0  25.3  48.1  68.7  99.6  233   2pcdm                     
  44.4  36.4  19.2  33.7  19.4  15.3   2.0  20.2  48.5  73.7  98.0   1.0  25.3  46.5  71.7 100.0  14.1  29.3  54.5  80.8  96.0  99   1plc                       
  39.0  33.3  27.6  22.1  19.7  19.7   0.8  22.8  42.3  65.0  97.6   1.6  25.2  52.8  80.5 100.0   4.9  26.0  55.3  68.3  96.7  123   1pmy                      
  41.9  30.5  27.6  26.0  23.1  13.5   1.0  16.2  41.9  75.2  95.2   4.8  23.8  44.8  63.8 100.0   1.9  34.3  54.3  78.1  96.2  105   1aaj                      
  44.2  27.9  27.9  28.1  27.3  19.5   0.8  31.0  53.5  74.4  99.2   1.6  16.3  41.1  66.7 100.0  10.1  26.4  43.4  83.7  97.7  129   2azaa                     
  40.7  31.4  27.9  23.5  25.9  15.3   2.3  20.9  52.3  73.3  98.8   4.7  26.7  40.7  74.4 100.0   1.2  15.1  33.7  72.1  93.0  86   1cbp                       
  38.8  35.7  25.6  27.3  14.1  14.1   0.8  31.0  57.4  76.0  97.7   1.6  18.6  40.3  65.1 100.0   3.1  10.9  47.3  78.3  99.2  129   1aoza1                    
  44.0  33.0  23.0  28.8  18.8  13.5   0.5  30.1  56.9  78.9  99.5   3.3  19.6  47.4  65.6  96.2   1.0  22.0  41.1  74.6 100.0  209   1aoza2                    
  36.0  38.3  25.7  27.7  20.2  18.3   0.5  26.2  53.7  76.2 100.0   1.4  21.5  43.9  68.2  99.5   1.9  22.4  51.4  73.4  99.1  214   1aoza3                    
  39.6  36.5  23.9  25.9  19.0  20.9   0.6  23.3  57.2  75.5  98.7   1.3  24.5  46.5  67.3  99.4   4.4  21.4  45.9  78.6 100.0  159   1nrd1                     
  44.3  37.4  18.3  31.5  16.9  13.1   0.8  23.7  50.4  71.8  99.2   1.5  26.7  47.3  68.7  96.9   6.1  13.7  42.7  77.9 100.0  131   1htp                      
  37.5  47.5  15.0  38.0   8.9  12.7   1.2  31.2  60.0  82.5  98.8   3.8  23.8  48.8  71.2  93.8   2.5   6.2  26.2  52.5 100.0  80   1lac                       
  39.2  44.3  16.5  35.7  14.0  14.0   1.3  24.1  46.8  72.8  96.8   0.6  19.0  50.0  76.6 100.0   7.6  22.8  47.5  64.6  98.7  158   1gpr                      
  47.3  36.6  16.1  31.5  10.8  14.4   0.9  22.3  56.2  77.7  99.1   5.4  27.7  46.4  73.2 100.0   4.5  14.3  33.9  39.3  96.4  112   1cgt4                     
  53.9  28.4  17.6  29.7  17.8   9.9   1.0  26.5  50.0  72.5 100.0   6.9  32.4  58.8  75.5  99.0   2.0   9.8  23.5  53.9  98.0  102   6taa2                     
  49.5  32.3  18.3  34.8  18.5  15.2   1.1  32.3  52.7  75.3  98.9   2.2  22.6  41.9  69.9  97.8   4.3  18.3  29.0  68.8 100.0  93   1ppi2                      
  50.8  37.3  11.9  43.1  12.1   5.2   3.4  18.6  42.4  69.5  91.5  10.2  39.0  52.5  79.7  98.3   1.7   1.7  15.3  76.3 100.0  59   1amg2                      
  35.7  41.1  23.2  27.3  16.4  20.0   7.1  25.0  53.6  73.2  92.9   3.6  14.3  35.7  64.3  98.2   1.8  28.6  55.4  76.8 100.0  56   1amy2                      
  40.9  32.2  26.8  25.2  19.8  16.0   0.9  23.3  48.0  72.5 100.0   0.2  24.0  48.2  75.8  99.3   1.9  28.2  50.6  77.4  99.5  425   2bpa1                     
  45.1  33.7  21.1  29.3  17.8  12.1   2.3  22.3  45.7  67.4  98.9   1.7  28.0  52.6  81.1  99.4   0.6  20.6  50.3  70.9 100.0  175   2bpa2                     
  38.6  40.2  21.2  30.6   9.8  16.4   0.5  24.5  53.3  81.5 100.0   2.7  22.8  51.1  73.4  97.8   1.1   9.2  41.3  61.4  98.4  184   2stv                      
  45.7  35.7  18.6  32.8  20.2  11.1   0.5  26.6  49.7  73.4  98.5   2.5  19.6  50.3  77.4 100.0   1.5  24.6  39.2  68.3  94.5  199   4sbva                     
  47.9  36.6  15.5  37.5  14.5  11.0   0.4  28.9  52.8  76.1  98.6   0.7  20.8  46.8  77.5 100.0   2.5  26.1  41.9  67.3  98.2  284   2tbva                     
  48.0  34.6  17.4  34.1  16.9  12.5   0.3  24.3  50.2  73.8  99.4   0.6  24.6  54.8  76.6 100.0   5.0  21.8  41.7  72.9  96.6  321   2bbvc                     
  42.5  33.9  23.7  30.8  16.8  15.7   0.5  19.9  50.0  72.0 100.0   3.2  24.2  41.9  70.4  98.9   9.7  31.7  58.6  83.9  97.8  186   1bbt1                     
  40.0  36.1  23.9  28.9  20.1  18.1   1.5  16.1  40.5  69.8  99.0   0.5  32.7  56.6  78.0 100.0   2.4  26.3  44.9  72.7  99.5  205   1bbt2                     
  41.2  35.4  23.4  28.0  19.4  16.3   0.2  27.9  49.5  71.4  99.3   0.4  19.3  49.3  76.8  99.8   1.6  28.3  50.7  79.6 100.0  548   2cas                      
  41.4  31.5  27.1  26.5  21.0  16.2   0.4  19.4  46.9  68.5  99.6   0.7  24.2  44.0  73.6  98.9   3.7  31.5  59.7  82.1 100.0  273   4rhv1                     
  43.9  35.7  20.4  33.5  20.5  12.6   0.4  21.2  47.5  78.0  99.6   2.4  31.0  57.6  75.7 100.0   0.8  27.1  40.0  65.1  98.0  255   4rhv2                     
  44.1  35.6  20.3  27.7  15.3  16.2   0.4  22.9  53.0  76.3  99.6   0.8  22.5  41.1  69.9 100.0   5.5  31.8  49.6  73.7  94.5  236   4rhv3                     
  46.6  29.9  23.5  27.3  22.1  13.9   0.4  23.9  50.7  72.8 100.0   0.7  23.1  43.3  68.7  98.9   2.6  30.2  53.7  84.7  99.6  268   2mev1                     
  42.2  34.5  23.3  29.4  19.0  17.3   1.6  18.1  47.4  77.9  99.2   0.4  24.5  50.6  75.5 100.0   2.4  28.1  49.4  66.7  99.6  249   2mev2                     
  48.5  29.0  22.5  33.0  21.3  14.3   0.4  26.4  55.0  77.1  99.6   1.3  21.6  39.4  71.4 100.0   3.5  24.7  51.9  73.2  98.7  231   2mev3                     
  43.5  34.8  21.7  26.7  17.8  13.3   2.2  13.0  58.7  78.3 100.0   6.5  19.6  37.0  56.5  97.8  23.9  26.1  43.5  63.0  89.1  46   1fod4                      
  38.8  27.1  34.1  19.0  28.6  26.2   1.2  22.4  40.0  71.8 100.0   3.5  28.2  51.8  77.6  97.6   2.4  18.8  52.9  69.4  98.8  85   4gcr1                      
  35.0  47.0  18.0  36.4  12.1  13.1   2.0  22.0  45.0  67.0  93.0   3.0  28.0  52.0  75.0 100.0   1.0  12.0  49.0  92.0  98.0  100   1prs1                     
  33.1  37.1  29.8  22.8  22.8  24.4   3.2  25.8  43.5  59.7  99.2   1.6  16.1  46.0  73.4  97.6   0.8  31.5  61.3  80.6 100.0  124   2sblb1                    
  34.8  40.2  25.0  27.9  12.6  22.5   6.2  25.0  46.4  72.3 100.0   5.4  28.6  58.0  76.8  97.3   0.9  12.5  33.0  58.9  91.1  112   1lpbb2                    
  49.3  29.3  21.3  30.9  20.1  12.1   0.7  20.0  46.0  71.3 100.0   3.3  22.7  52.0  84.0  98.0   7.3  28.0  48.7  74.7  97.3  150   1gof3                     
  43.8  33.3  22.9  26.6  16.8  16.1   4.2  25.0  48.6  72.2  99.3   2.1  26.4  54.2  82.6 100.0   0.7  13.9  45.1  63.9  97.9  144   1dlc3                     
  43.8  33.5  22.7  30.3  24.6  16.0   1.1  23.9  44.9  68.8  99.4   1.7  26.7  58.5  84.1 100.0   0.6  21.6  45.5  67.6  98.9  176   1lena                     
  43.5  28.0  28.5  22.5  24.4  20.7   0.9  24.3  46.7  75.2  99.5   0.5  22.9  50.5  76.2 100.0   2.8  27.1  51.4  72.4  98.6  214   2ayh                      
  39.8  39.1  21.1  28.8  17.4  17.4   0.8  21.1  48.1  69.9  98.5   2.3  23.3  45.1  72.9 100.0   8.3  32.3  54.1  79.7  99.2  133   1slta                     
  34.8  39.7  25.5  28.6  19.7  20.2   1.0  21.6  49.5  73.0  98.0   2.0  28.9  53.4  79.9 100.0   0.5  23.0  42.6  70.1  99.5  204   1saca                     
  54.6  28.1  17.1  31.2  16.9   9.9   0.5  22.4  49.3  75.6 100.0   1.4  25.3  49.5  73.0  99.3   2.5  27.0  52.5  76.0  97.5  434   1cela                     
  48.6  26.5  24.9  23.4  25.0  14.7   0.5  23.8  50.3  72.4  98.9   3.8  18.9  41.6  77.8  99.5   2.7  28.6  51.4  73.0 100.0  185   1xnb                      
  38.3  36.2  25.5  21.7  17.4  21.7   2.1  21.3  55.3  68.1 100.0  10.6  17.0  31.9  63.8  95.7   6.4  29.8  48.9  83.0  89.4  47   1lobd                      
  42.4  33.9  23.7  39.7  17.2  17.2   3.4  27.1  57.6  76.3 100.0   1.7  18.6  47.5  71.2  98.3   6.8  16.9  37.3  61.0  91.5  59   1shfa                      
  29.8  40.4  29.8  21.4  19.6  21.4  10.5  26.3  47.4  75.4 100.0   3.5  12.3  45.6  70.2  98.2   1.8  22.8  38.6  66.7  96.5  57   1shg                       
  36.8  38.2  25.0  29.3  21.3  20.0   2.6  32.9  53.9  78.9  98.7   1.3  25.0  44.7  65.8  97.4   3.9  11.8  28.9  73.7 100.0  76   1pkt                       
  33.8  35.2  31.0  18.6  21.4  21.4   1.4  11.3  39.4  66.2 100.0  12.7  32.4  47.9  80.3  95.8   7.0  21.1  57.7  70.4  98.6  71   2hsp                       
  37.9  34.5  27.6  35.1  19.3  17.5   1.7  20.7  39.7  58.6  89.7   5.2  27.6  50.0  81.0  96.6  12.1  19.0  63.8  74.1 100.0  58   1cska                      
  32.8  41.4  25.9  29.8  15.8  19.3   3.4  22.4  43.1  69.0  96.6   1.7  24.1  50.0  72.4 100.0   5.2  15.5  39.7  77.6  98.3  58   1sema                      
  34.8  40.6  24.6  23.5  14.7  23.5   1.4  29.0  43.5  73.9 100.0   2.9  30.4  55.1  84.1  98.6   5.8  17.4  26.1  58.0  91.3  69   1pse                       
  32.3  32.3  35.5  19.7  21.3  26.2   1.6  27.4  58.1  69.4  82.3   4.8  22.6  46.8  87.1  98.4   6.5  12.9  38.7  62.9 100.0  62   1sso                       
  35.9  38.8  25.2  35.3  16.7  20.6   1.0  21.4  45.6  72.8  97.1   2.9  20.4  48.5  74.8 100.0  11.7  30.1  55.3  70.9  99.0  103   1ltsd                     
  42.0  34.8  23.2  26.5  19.1  17.6   1.4  17.4  37.7  71.0  92.8   7.2  34.8  53.6  72.5  97.1  11.6  20.3  43.5  76.8 100.0  69   1bova                      
  44.5  28.2  27.3  28.4  17.4  19.3   0.9  21.8  41.8  80.9 100.0   1.8  27.3  57.3  74.5  99.1   2.7  19.1  50.9  62.7  86.4  110   1prtc2                    
  41.8  30.9  27.3  19.3  21.1  21.1   0.9  28.2  41.8  70.0 100.0   1.8  14.5  59.1  78.2  97.3   3.6  24.5  52.7  71.8  96.4  110   1prtd                     
  42.9  33.7  23.5  23.7  25.8  15.5   2.0  33.7  55.1  77.6  99.0   1.0  16.3  41.8  75.5 100.0   4.1  17.3  34.7  56.1  98.0  98   1prtf                      
  33.1  33.8  33.1  21.5  23.7  21.5   4.4  20.6  40.4  66.2 100.0   1.5  24.3  51.5  77.9  98.5   0.7  22.1  47.8  68.4  99.3  136   1kab                      
  45.2  31.2  23.7  32.6  20.7  13.0   1.1  19.4  44.1  67.7  97.8   3.2  25.8  45.2  69.9  98.9   7.5  35.5  60.2  75.3 100.0  93   1tssa1                     
  35.0  42.3  22.6  30.9  16.2  22.1   1.5  16.8  43.1  70.8  99.3   0.7  31.4  56.2  76.6 100.0   3.6  19.0  35.8  64.2  93.4  137   1asza1                    
  39.6  35.4  25.0  30.8  21.9  15.8   0.4  31.1  56.4  83.9  98.6   2.1  22.1  43.9  64.3  98.2   0.7  20.0  47.9  72.9 100.0  280   1pyp                      
  38.3  36.6  25.1  30.5  20.7  16.7   0.6  21.7  43.4  63.4  98.3   1.1  18.3  51.4  74.3  99.4   5.1  28.6  62.9  80.6 100.0  175   1igp                      
  32.8  43.3  23.9  36.4  16.7  18.2   6.0  32.8  55.2  80.6 100.0   3.0  28.4  50.7  74.6  98.5   1.5  11.9  25.4  56.7  97.0  67   1csp                       
  37.6  40.0  22.4  33.3  20.2  22.6   8.2  22.4  55.3  71.8 100.0   1.2  24.7  45.9  69.4  97.6   2.4  17.6  47.1  78.8  95.3  85   1bgh                       
  25.9  34.6  39.5  18.8  23.8  22.5   8.6  21.0  46.9  66.7  97.5   1.2  24.7  59.3  79.0  98.8   2.5  30.9  45.7  70.4 100.0  81   1rip                       
  37.0  37.0  26.0  28.6  18.3  21.4   0.8  18.1  40.9  67.7  99.2   2.4  26.8  49.6  66.9 100.0   1.6  24.4  66.1  77.2  96.1  127   1bara                     
  30.1  43.2  26.7  27.6  15.2  24.8   5.5  32.2  50.0  81.5  99.3   0.7  20.5  42.5  72.6 100.0   2.1  26.0  58.9  70.5  97.9  146   8i1b                      
  38.0  37.3  24.6  27.7  15.6  18.4   0.7  36.6  62.0  76.8  96.5   2.8  20.4  35.9  58.5 100.0   1.4  12.0  45.1  73.2  99.3  142   1ilr1                     
  35.2  40.0  24.8  29.9  14.6  21.5  12.4  32.4  53.8  79.3  96.6   0.7  17.2  46.9  67.6 100.0   2.1  17.9  42.8  72.4  97.2  145   2ila                      
  41.4  32.9  25.7  25.9  24.5  17.3   3.6  22.9  54.3  75.7  99.3   0.7  25.0  46.4  75.0 100.0   2.9  23.6  40.7  67.1  97.9  140   1abrb1                    
  43.3  33.1  23.6  25.4  19.0  19.8   1.6  17.3  44.9  69.3  98.4   0.8  27.6  49.6  76.4  99.2   3.9  26.8  59.8  75.6 100.0  127   1abrb2                    
  39.2  38.6  22.3  29.7  20.0  13.9   2.4  23.5  45.8  65.1  99.4   0.6  18.1  44.0  75.3 100.0   9.6  39.8  64.5  78.9  98.8  166   1tie                      
  33.1  24.6  42.4  15.4  32.5  19.7   1.7  19.5  45.8  73.7  94.9   2.5  31.4  51.7  72.0 100.0   0.8  22.9  49.2  72.9  95.8  118   1hce                      
  43.4  31.6  25.0  34.1  19.3  17.0   1.5  25.7  52.2  77.2  98.5   4.4  22.1  47.8  76.5 100.0   0.7  12.5  38.2  64.0  99.3  136   1fnc1                     
  36.8  33.3  29.8  28.3  22.1  21.2   0.9  24.6  49.1  77.2  99.1   2.6  25.4  52.6  72.8  96.5   1.8  17.5  47.4  68.4 100.0  114   2cnd1                     
  46.6  34.0  19.4  36.3  15.7  17.6   1.0  29.1  48.5  78.6  98.1   3.9  22.3  47.6  70.9 100.0   7.8  17.5  52.4  67.0  99.0  103   2pia1                     
  39.0  41.0  20.0  33.3  19.2  13.1   1.0  21.0  47.0  72.0 100.0   2.0  31.0  54.0  76.0  98.0   3.0  17.0  36.0  62.0  94.0  100   1eft2                     
  41.3  38.0  20.7  29.2  13.3  20.0   0.8  19.0  43.0  75.2  98.3   1.7  22.3  60.3  79.3 100.0   6.6  32.2  49.6  62.0  94.2  121   1efg2                     
  56.3  25.5  18.3  23.3  16.4  11.1   0.4  25.1  51.3  78.7 100.0   0.8  20.2  46.0  68.8  99.2   6.8  21.7  49.8  69.2  97.7  263   1arb                      
  58.0  28.2  13.8  33.3  16.7   8.9   1.1  24.3  53.0  76.8  98.9   0.6  20.4  49.2  70.2 100.0   7.2  25.4  39.8  64.1  97.2  181   2sga                      
  53.5  31.8  14.6  38.1  18.8  10.7   0.5  24.2  49.5  72.2 100.0   1.0  23.2  50.5  82.3  99.0   4.5  22.7  42.9  65.2  96.5  198   2alp                      
  48.8  32.6  18.6  28.6  19.0   7.1   7.0  18.6  46.5  62.8  95.3   2.3  23.3  41.9  69.8  83.7  11.6  32.6  55.8  93.0 100.0  43   1epta                      
  41.7  33.3  25.0  25.7  22.9  20.0   2.8  11.1  25.0  61.1  97.2  16.7  38.9  58.3  77.8  91.7   5.6  33.3  47.2  63.9 100.0  36   1ppbl                      
  43.0  29.1  27.8  28.0  29.3  16.0   2.6  30.5  57.6  78.8  98.0   1.3  19.2  46.4  76.8  99.3   0.7  19.9  43.0  59.6 100.0  151   2snv                      
  34.3  32.8  32.8  22.7  24.2  27.3   6.0  38.8  65.7  79.1 100.0   1.5  13.4  37.3  64.2  94.0   3.0  17.9  41.8  58.2  98.5  67   2hnte                      
  51.3  30.9  17.8  25.8  20.5  12.6   0.7  27.0  52.6  72.4 100.0   6.6  19.7  42.8  71.7  99.3   2.6  13.2  53.9  78.9  94.1  152   2kaib                     
  39.4  31.2  29.4  19.4  21.3  17.6   0.9  24.8  45.9  69.7 100.0   1.8  11.0  28.4  67.9  98.2  18.3  37.6  63.3  82.6  97.2  109   1bbre                     
  36.4  46.5  17.2  25.5  12.2  14.3   1.0  26.3  43.4  77.8  97.0   2.0  23.2  54.5  68.7 100.0   3.0   8.1  53.5  70.7  96.0  99   2hpea                      
  38.9  38.9  22.1  31.2  22.3  17.0   1.8  29.2  46.0  73.5  98.2   0.9  26.5  53.1  76.1 100.0   2.7  12.4  47.8  60.2  96.5  113   2rspb                     
  60.3  24.2  15.5  28.9  18.8   8.2   0.3  23.0  48.5  74.2  99.7   3.0  23.3  44.5  75.2  98.5   5.2  33.6  54.2  76.1 100.0  330   2er7e                     
  26.2  28.6  45.2  19.5  19.5  24.4  11.9  26.2  54.8  78.6  97.6   2.4   9.5  33.3  52.4 100.0   7.1  21.4  45.2  73.8  92.9  42   1htrp                      
  48.7  31.1  20.2  29.5  16.0  13.8   0.3  22.4  48.5  71.7 100.0   0.8  28.6  50.1  78.7  99.7   2.5  24.4  54.3  77.0  99.2  357   1mpp                      
  42.6  29.8  27.7  28.3  34.8  13.0   2.1  23.4  44.7  68.1  89.4   4.3  25.5  59.6  76.6 100.0   6.4  14.9  40.4  66.0  97.9  47   1hrnb                      
  54.1  23.4  22.5  23.6  22.6   8.2   0.5  23.9  45.5  69.4 100.0  11.5  30.6  54.5  76.1  99.5   1.9  17.7  49.8  78.9  97.1  209   1eng                      
  50.4  27.2  22.4  29.0  25.0  10.5   2.4  25.6  45.6  68.8 100.0   0.8  17.6  65.6  84.0  96.8   5.6  16.0  36.8  76.0  99.2  125   1bw4                      
  26.8  40.2  33.0  20.7  17.1  24.3   5.4  25.0  53.6  79.5  97.3   0.9  23.2  46.4  75.0 100.0   3.6  22.3  47.3  67.9  99.1  112   1dyna                     
  31.0  31.0  38.1  19.6  19.6  21.4   2.7  28.3  47.8  65.5  92.9   1.8  23.0  44.2  77.0  94.7   0.9  19.5  54.9  75.2 100.0  113   1pls                      
  39.8  31.2  29.0  19.4  25.7  18.9   1.7  26.1  47.2  72.7 100.0   0.6  25.0  55.1  84.1  99.4   1.1  15.3  48.9  68.8  98.3  176   1hbq                      
  35.8  33.5  30.6  22.7  25.0  21.5   2.9  24.3  47.4  77.5  98.3   0.6  28.9  56.1  78.6 100.0   1.7  22.0  42.8  67.1  98.8  173   1bbpa                     
  39.6  34.1  26.2  27.0  19.6  16.0   0.6  29.9  50.0  74.4 100.0   1.2  27.4  52.4  75.6  99.4   2.4  14.6  45.7  71.3  95.1  164   1epab                     
  32.5  42.7  24.8  26.9  18.6  23.7   1.9  22.9  52.9  75.2 100.0   0.6  22.3  42.0  75.8  98.7   5.1  24.2  48.4  69.4  99.4  157   1mup                      
  29.8  40.5  29.8  27.7  16.2  22.3   0.8  26.0  52.7  65.6  94.7   6.1  27.5  48.1  77.9 100.0   1.5  15.3  42.0  71.8  99.2  131   1ifc                      
  39.7  33.6  26.7  25.4  19.2  16.2   0.8  22.1  48.1  74.8 100.0   3.8  31.3  50.4  71.0  98.5   3.1  20.6  48.9  80.2  99.2  131   1lid                      
  47.3  29.0  23.7  25.4  19.2  14.6   0.8  28.2  47.3  73.3 100.0   2.3  18.3  51.1  71.0  94.7   1.5  15.3  48.9  79.4  99.2  131   1mdc                      
  33.6  42.3  24.1  22.8  14.7  25.0   0.7  28.5  54.7  78.1  95.6   1.5  18.2  48.9  70.8 100.0   2.2  21.2  47.4  67.9  99.3  137   1cbs                      
  40.8  31.2  28.0  24.2  17.7  18.5   4.0  21.6  42.4  67.2  93.6   1.6  18.4  36.8  69.6 100.0   0.8  41.6  63.2  84.8  99.2  125   2phy                      
  53.4  26.7  19.8  27.8  18.3  11.3   0.9  20.7  44.8  70.7  98.3   2.6  21.6  51.7  75.9 100.0   6.0  33.6  54.3  74.1  99.1  116   1srga                     
  43.9  31.7  24.4  29.5  23.8  14.8   1.6  20.3  40.7  65.9 100.0   3.3  28.5  48.0  74.0  98.4   0.8  25.2  56.1  76.4  99.2  123   1avda                     
  41.5  30.5  28.0  26.4  22.7  17.8   1.8  24.4  45.1  70.1  98.2   0.6  20.1  53.7  77.4 100.0   3.7  27.4  47.6  75.6  93.9  164   2cpl                      
  41.0  35.5  23.5  24.2  24.2  15.8   0.6  26.5  53.6  74.1 100.0   4.2  18.7  44.0  77.1  99.4   1.2  27.7  49.4  72.3  98.2  166   1clh                      
  42.5  33.3  24.1  25.0  22.6  17.4   0.3  19.4  45.9  73.0  99.5   0.5  29.1  52.5  76.6 100.0   1.0  23.4  50.9  76.4  99.7  381   2sil                      
  45.4  31.7  22.9  26.6  24.0  15.8   1.8  26.0  49.0  73.2  99.7   0.3  23.7  48.2  75.8 100.0   0.8  22.2  52.1  75.5  99.5  388   1ivd                      
  45.4  26.9  27.7  22.1  25.7  18.0   0.5  26.9  52.1  74.9  99.7   0.3  21.8  46.2  67.7 100.0   1.0  24.6  50.5  76.4  99.5  390   1nsca                     
  52.2  25.8  22.0  26.7  19.4  14.0   0.5  21.7  46.8  70.8  99.7   1.3  26.4  57.4  82.7 100.0   0.3  30.0  49.4  74.2  99.2  387   1gof2                     
  44.2  31.5  24.2  25.1  21.2  15.0   0.3  23.7  45.1  69.9 100.0   0.6  24.2  54.6  79.7  98.3   1.1  30.1  52.1  73.8  99.7  355   2bbkh                     
  44.5  28.7  26.8  23.9  25.8  15.6   0.2  25.4  48.3  75.3  99.8   0.7  21.7  48.9  70.8 100.0   1.1  31.7  51.8  77.2  99.6  571   3aaha                     
  43.8  33.5  22.8  29.1  22.4  14.8   0.4  26.3  49.6  72.3  99.6   2.7  23.2  45.5  76.3  99.1   2.2  17.9  52.7  75.0 100.0  224   2ohxa1                    
  41.8  39.3  18.9  27.7  14.4  16.4   0.5  27.0  46.9  71.4 100.0   2.0  20.4  51.5  77.0  99.5   1.5  23.0  48.0  67.9  94.9  196   1qora1                    
  45.4  30.1  24.5  25.9  25.9  12.3   1.2  27.0  50.3  73.0  99.4   2.5  25.8  47.9  71.2  96.3   0.6  16.6  44.8  77.3 100.0  163   1vmoa                     
  39.0  35.7  25.2  29.7  22.5  18.7   1.4  31.0  55.7  76.2 100.0   0.5  18.6  49.0  73.8  99.5   1.0  22.4  37.1  71.4  98.6  210   1dlc2                     
  47.0  31.0  22.0  27.7  21.2  15.0   0.3  19.4  45.9  75.5  99.4   0.6  27.6  49.6  74.1 100.0   3.1  30.7  54.1  71.8  99.7  355   1pcl                      
  31.7  43.9  24.4  20.7  16.2  16.8   2.2  33.3  51.7  75.0  99.4   0.6  21.1  42.8  71.7  97.8   2.8  16.1  48.3  73.3 100.0  180   1caua                     
  32.6  48.9  18.5  30.1  14.2  16.9   0.5  21.7  53.3  69.6  99.5   1.1  26.6  47.8  74.5  98.9   3.8  14.1  49.5  75.0 100.0  184   1caub                     
  31.4  42.3  26.3  27.2  16.9  21.3   2.2  18.2  45.3  67.2  98.5   0.7  30.7  52.6  77.4 100.0   2.9  19.0  46.0  73.7  99.3  137   3gapb1                    
  35.8  38.8  25.4  28.8  21.2  16.7   1.5  26.9  47.8  70.1  97.0   4.5  17.9  52.2  71.6  98.5   3.0  35.8  44.8  73.1 100.0  67   1wapb                      
  43.9  29.8  26.4  26.2  22.3  15.7   0.3  23.5  47.0  72.8  99.7   1.6  21.1  49.1  76.0  97.7   2.3  29.0  54.8  74.2 100.0  383   1cgt3                     
  45.6  31.2  23.2  26.4  20.7  15.6   0.3  20.7  47.6  75.1 100.0   2.5  29.2  54.1  77.6  98.9   1.7  23.5  43.9  71.4  99.7  353   6taa1                     
  39.3  33.1  27.6  24.7  20.9  19.5   0.7  26.6  45.0  71.9 100.0   0.2  21.6  47.5  74.9  99.8   0.5  25.4  55.2  78.4  99.0  402   1ppi1                     
  43.7  28.0  28.3  21.1  23.0  15.2   0.3  25.2  46.2  72.0  99.7   0.6  26.3  50.4  77.0 100.0   1.4  23.8  53.2  73.4  98.9  357   1amg1                     
  43.1  28.9  28.0  20.9  27.2  18.0   1.7  27.5  49.7  73.7  99.7   0.3  21.4  47.4  72.8 100.0   1.2  24.0  51.2  78.9  99.4  346   1amy1                     
  36.1  38.0  25.9  27.8  18.0  18.4   0.2  27.8  49.4  75.5 100.0   0.4  20.0  46.3  73.9  99.8   0.6  29.0  51.8  71.8  99.6  490   1byb                      
  45.8  34.6  19.6  28.9  17.0  12.8   0.7  27.1  51.6  75.2  98.4   0.3  19.3  41.8  70.9  99.7   1.6  28.4  55.9  81.7 100.0  306   1ghsa                     
  42.0  35.4  22.6  29.4  18.3  16.6   0.3  22.6  45.5  74.5 100.0   0.6  25.8  56.8  75.7  99.7   2.3  24.3  46.1  70.4  97.7  345   1xys                      
  36.0  38.8  25.3  24.7  18.4  19.1   0.3  26.3  50.2  78.2 100.0   1.4  26.6  49.5  71.6  99.3   0.7  23.2  48.4  74.0  95.8  289   1nar                      
  41.4  34.7  23.9  25.4  25.7  19.0   0.4  32.3  52.3  73.3  99.6   1.8  18.9  38.9  71.6  97.5   1.1  26.0  54.7  78.6 100.0  285   2ebn                      
  40.5  33.3  26.2  27.6  22.4  19.2   0.3  27.5  49.8  75.4 100.0   1.9  21.4  45.3  73.5  99.4   1.6  27.2  49.2  72.2  98.4  309   1ctn2                     
  34.7  38.1  27.2  25.6  20.1  20.1   0.3  22.9  50.4  74.5  95.4   1.4  26.6  47.3  71.3 100.0   1.1  22.3  50.7  78.8  99.7  349   1add                      
  46.2  34.5  19.2  35.4  15.4  13.5   0.3  21.3  43.1  69.4  98.4   0.5  26.0  51.7  75.8  99.7   1.3  35.6  61.6  76.6 100.0  385   2kauc2                    
  41.9  37.8  20.3  32.3  16.4  13.4   0.3  25.6  53.3  76.1  99.7   1.4  23.1  50.0  73.1  99.2   0.8  22.2  42.2  71.1 100.0  360   1fbaa                     
  34.6  40.6  24.8  24.8  18.2  20.4   0.3  28.6  49.2  73.0  98.4   1.3  21.3  48.3  72.4  99.7   1.0  26.0  53.3  79.4 100.0  315   1ads                      
  45.5  32.9  21.7  31.7  20.4  14.8   0.7  25.9  52.4  76.2 100.0   1.4  20.3  48.3  70.6  95.1   2.8  21.0  39.9  71.3  97.9  143   4enl1                     
  40.5  38.8  20.7  35.4  16.4  18.1   0.4  21.6  52.4  75.3  98.2   0.9  28.6  48.0  76.7 100.0   2.2  22.5  49.8  71.4  99.1  227   2mnr2                     
  42.6  37.7  19.7  38.3  16.0  16.0   0.4  25.8  54.9  73.8 100.0   0.8  28.7  45.5  75.4  99.6   1.2  15.2  43.4  70.5  99.2  244   1chra2                    
  36.8  36.1  27.1  26.9  23.1  20.9   0.3  21.8  48.4  73.4  99.5   0.8  25.1  49.6  73.2  98.7   0.5  25.3  51.4  79.4 100.0  399   1oyb                      
  40.6  35.4  24.0  30.9  18.6  18.9   1.1  27.1  51.1  76.0 100.0   0.6  23.1  52.0  74.3  98.6   0.3  21.1  45.7  75.7  99.7  350   1gox                      
  42.1  31.2  26.8  25.7  22.7  16.2   0.3  22.1  47.1  74.1 100.0   2.4  25.3  52.9  75.9  98.8   0.6  24.7  49.1  72.4  99.7  340   2tmda1                    
  37.3  39.7  23.0  30.7  17.9  15.9   1.2  23.8  47.2  74.2  98.4   0.8  29.0  55.6  74.6 100.0   0.4  21.8  45.2  73.8  99.6  252   1pii1                     
  41.9  38.3  19.8  28.3  13.4  17.8   3.6  23.8  51.2  78.2 100.0   0.8  21.0  47.2  72.2  97.6   0.4  27.8  54.8  73.4  99.2  248   1wsya                     
  44.2  31.7  24.0  27.2  22.3  18.4   2.9  25.0  43.3  78.8 100.0   1.0  20.2  45.2  71.2  96.2   6.7  19.2  54.8  68.3  99.0  104   1pkn1                     
  38.8  34.4  26.9  28.8  22.6  17.6   0.9  25.9  53.1  76.2  97.5   0.6  26.2  52.2  76.9  99.7   0.3  21.2  45.9  66.6 100.0  320   3rub2                     
  46.3  28.9  24.8  28.1  23.2  12.3   0.3  26.0  51.1  74.3  99.7   1.3  19.6  39.9  75.6 100.0   3.2  28.6  52.7  74.0  98.7  311   5rub2                     
  40.8  36.3  22.9  32.8  17.2  19.7   2.4  24.5  49.8  78.0  99.2   2.0  26.9  51.4  73.5  98.8   0.4  20.0  40.4  74.3 100.0  245   1tph1                     
  43.8  31.8  24.4  28.6  23.5  15.6   0.8  22.4  47.6  75.1  99.7   0.3  26.7  51.7  71.0  99.2   2.0  27.2  49.9  74.3 100.0  393   4xiaa                     
  31.1  41.2  27.6  30.0  15.9  22.5   0.9  23.2  43.0  70.2  94.3   2.2  25.9  53.9  74.1 100.0   0.4  22.4  47.8  80.7  98.7  228   1nfp                      
  39.7  32.1  28.2  21.9  15.5  15.5   2.6  14.7  40.4  77.6  98.7   1.9  26.9  48.1  69.2  97.4   0.6  32.7  57.1  76.3 100.0  156   2tmda2                    
  44.1  33.2  22.7  30.4  19.2  14.4   0.3  20.0  49.5  73.8  99.7   0.5  27.6  54.9  79.7 100.0   1.9  25.9  45.7  66.2  98.4  370   3cox1                     
  38.8  36.3  24.9  28.1  15.6  20.1   1.0  27.0  52.2  70.2  99.3   1.4  19.0  44.6  73.4 100.0   0.3  29.1  53.3  78.2  99.7  289   1pbe1                     
  46.3  35.7  18.0  32.4  20.9  10.3   0.3  22.4  47.8  69.9  99.7   0.6  23.0  47.2  78.0 100.0   3.4  35.1  54.0  71.4  94.4  322   1gal1                     
  45.3  34.7  20.0  25.4  14.3  16.4   0.5  21.6  54.7  78.9  99.5   4.2  25.8  47.4  70.0 100.0   2.1  27.4  45.3  71.6  97.9  190   1trb1                     
  43.8  35.0  21.2  31.8  17.6  15.9   0.4  22.9  48.3  75.4 100.0   2.5  27.9  55.8  74.6  97.5   0.8  18.3  40.8  70.4  98.8  240   2tpra1                    
  41.0  35.9  23.1  32.8  19.8  16.4   1.7  20.5  43.6  76.9 100.0   0.9  25.6  55.6  71.8  99.1  11.1  29.1  47.9  70.9  96.6  117   2tpra2                    
  45.0  35.4  19.7  31.6  16.2  12.7   0.4  23.1  50.2  74.2  98.7   0.9  25.8  49.8  72.5 100.0   1.3  24.9  41.0  77.7  99.6  229   3lada1                    
  39.5  44.5  16.0  39.0  11.9  16.9   0.8  14.3  38.7  70.6 100.0   3.4  26.9  51.3  72.3  99.2  15.1  36.1  59.7  79.0  95.0  119   3lada2                    
  46.2  33.9  19.9  24.9  20.0  12.4   0.5  22.0  48.9  73.1  98.9   2.7  24.7  54.3  75.8 100.0   1.6  28.5  45.7  71.0  98.4  186   1fcda1                    
  44.7  29.8  25.5  17.9  25.0  15.0   0.7  23.4  41.8  75.9 100.0   2.8  19.9  52.5  80.1  98.6   1.4  31.9  48.2  68.1  93.6  141   1fcda2                    
  35.9  40.6  23.4  18.9  16.5  23.6   0.8  31.2  57.0  75.8  99.2   3.1  23.4  45.3  72.7  98.4   2.3  14.1  46.1  71.1 100.0  128   3chy                      
  41.9  37.1  21.0  28.5  18.7  16.3   3.2  24.2  46.8  72.6  96.8   1.6  22.6  50.8  73.4 100.0   0.8  16.9  56.5  75.8  98.4  124   1ntr                      
  47.9  32.9  19.2  34.9  16.9  15.1   1.2  25.7  48.5  76.0  98.2   0.6  22.8  47.9  67.1  99.4   7.2  24.6  59.3  73.7 100.0  167   1scua2                    
  41.7  43.8  14.6  32.9  11.2  14.7   0.7  25.0  47.9  78.5  99.3   2.1  26.4  54.2  73.6  98.6   2.8  20.1  36.8  52.1 100.0  144   1scub2                    
  48.6  30.6  20.8  34.3  22.7  14.0   1.7  20.8  43.4  69.4  99.4   1.2  27.7  53.2  82.7 100.0   0.6  28.9  52.0  75.7  94.2  173   2fcr                      
  50.3  32.7  17.0  25.3  19.2  12.3   0.7  23.1  46.9  70.1  99.3   2.7  27.2  48.3  75.5 100.0   1.4  23.8  57.8  74.8  98.0  147   2fx2                      
  34.8  44.9  20.3  27.0  16.8  10.2   5.1  23.2  49.3  71.0  98.6   2.2  25.4  44.9  79.7 100.0   0.7  15.2  58.7  70.3  97.1  138   4fxn                      
  37.2  42.9  19.9  30.3  16.1  20.6   1.9  28.8  55.8  73.1  99.4   0.6  21.2  42.3  69.2  98.1   2.6  22.4  53.2  87.2 100.0  156   1bmta2                    
  52.0  30.6  17.3  28.2  19.5  13.8   1.0  23.0  48.5  73.5 100.0   3.6  22.4  50.0  73.0  99.0   0.5  27.0  62.2  76.5  99.5  196   1cus                      
  48.3  32.5  19.2  32.2  21.8  10.9   0.5  22.2  49.8  74.9  99.5   1.5  28.1  50.7  70.0 100.0   1.0  14.8  48.3  76.4  96.1  203   2nada2                    
  44.2  32.6  23.3  33.6  29.7  11.7   5.4  24.0  56.6  77.5 100.0   3.1  27.1  45.7  64.3  99.2   0.8  14.7  45.0  69.0  97.7  129   1gdha1                    
  30.6  34.4  35.0  23.3  15.7  28.3   2.5  13.8  43.1  70.6  95.0   1.2  31.2  55.6  81.2  99.4   0.6  21.9  46.2  71.2 100.0  160   1fnc2                     
  36.3  37.0  26.7  29.0  17.2  20.7   0.7  22.6  48.6  76.7  97.3   2.7  23.3  47.3  69.9  99.3   2.1  24.7  50.0  70.5 100.0  146   2cnd2                     
  43.3  24.2  32.5  21.0  31.1  19.3   2.5  26.7  52.5  79.2  96.7   0.8  16.7  35.8  69.2 100.0   1.7  25.8  51.7  71.7  99.2  120   2pia2                     
  38.1  35.8  26.0  26.6  20.6  17.3   0.9  23.7  45.6  74.4 100.0   1.4  20.5  47.9  72.1  95.8   0.5  27.0  56.3  77.7  99.5  215   2ts11                     
  35.0  36.3  28.7  28.2  21.8  20.0   0.3  23.3  49.2  73.4  98.8   0.6  23.6  48.0  75.5 100.0   0.9  25.7  51.7  74.6  98.2  331   1gtra1                    
  46.0  33.3  20.7  32.9  23.5  10.1   1.3  19.3  43.3  71.3  99.3   6.0  30.0  52.0  72.7  95.3   0.7  24.7  48.0  85.3 100.0  150   2ohxa2                    
  40.0  37.7  22.3  26.4  16.3  21.7   3.8  23.1  46.9  78.5 100.0   1.5  26.2  48.5  73.1  96.9   0.8  20.8  50.0  66.9  98.5  130   1qora2                    
  47.0  34.8  18.2  30.6  16.3  13.1   0.8  20.6  54.2  76.3  99.6   0.4  24.5  43.1  70.0 100.0   2.4  28.5  49.4  72.3  99.2  253   1hdca                     
  46.6  31.8  21.6  29.4  20.9  11.9   0.8  28.8  54.2  73.7  99.2   0.4  19.1  43.2  73.3  97.9   1.3  20.3  47.5  77.5 100.0  236   1dhr                      
  40.8  35.5  23.7  29.4  21.4  15.7   1.8  27.5  53.8  75.4 100.0   0.9  19.8  45.6  69.8  98.8   0.3  28.4  52.7  82.2  99.4  338   1udpa                     
  34.5  41.1  24.4  27.5  16.2  20.4   0.6  24.4  51.2  73.8  95.8   1.8  23.8  53.0  77.4  98.8   1.2  22.6  41.1  61.9 100.0  168   1hdgo1                    
  39.4  31.9  28.7  28.3  24.6  18.2   1.1  27.1  55.9  80.9 100.0   0.5  19.1  44.1  63.3  98.9   3.2  23.9  48.4  73.9  98.4  188   2nada1                    
  44.5  33.5  22.0  34.7  22.6  10.0   1.0  28.3  48.2  72.8 100.0   0.5  21.5  53.9  77.0  98.4   5.2  23.0  41.9  64.4  97.9  191   1gdha2                    
  45.6  38.8  15.6  37.0  13.0  12.3   2.7  23.1  43.5  73.5 100.0   2.0  21.8  50.3  71.4  99.3   0.7  32.7  55.8  75.5  98.0  147   2cmd1                     
  40.6  39.4  20.0  31.8  17.5  11.0   1.9  21.3  47.7  72.9  99.4   3.2  25.2  43.9  74.8  97.4   0.6  18.7  53.5  73.5 100.0  155   1bmda1                    
  44.1  39.9  16.1  32.4  14.1  15.5   0.7  16.8  44.1  69.9 100.0   2.8  25.9  56.6  75.5  97.2   2.1  25.2  47.6  71.3  97.9  143   1llda1                    
  41.5  36.4  22.2  30.9  19.4  18.3   0.6  27.3  58.5  79.0 100.0   1.1  18.2  41.5  59.1  98.3   7.4  26.7  47.2  69.3  97.7  176   2pgd1                     
  47.9  34.7  17.4  39.2  14.2  15.8   0.8  25.6  50.4  69.4 100.0   1.7  21.5  57.0  76.9  98.3   5.0  19.0  38.8  64.5  97.5  121   1scua1                    
  42.6  35.5  21.9  32.1  19.6  13.7   1.2  23.7  47.3  76.3 100.0   0.6  20.1  50.9  69.2  99.4   3.6  30.2  48.5  73.4  95.3  169   1pyda3                    
  39.9  37.7  22.4  35.7  17.6  14.8   1.1  22.4  45.9  74.3 100.0   2.7  21.3  50.3  76.5  99.5   0.5  29.0  54.6  72.1  96.7  183   1poxa3                    
  40.7  39.0  20.3  34.5  17.5  15.2   0.6  32.6  51.7  76.2  98.3   1.2  18.6  47.1  75.6 100.0   4.1  20.3  38.4  68.0  98.8  172   1pyda1                    
  38.3  39.3  22.4  24.6  19.5  18.5   0.5  22.4  42.9  73.0 100.0   2.6  21.9  47.4  70.4  99.5   3.1  34.2  58.2  77.0  99.0  196   1pyda2                    
  43.1  37.4  19.5  30.6  17.3  17.9   0.6  21.8  44.8  72.4  99.4   1.1  22.4  55.2  77.0  98.9   6.3  25.3  47.7  66.7 100.0  174   1poxa1                    
  36.2  44.1  19.7  33.2  12.8  20.9   2.1  26.6  45.2  75.0  99.5   1.1  21.3  51.6  74.5 100.0   0.5  25.0  47.3  72.9  97.3  188   1poxa2                    
  42.1  34.6  23.3  32.9  21.0  18.0   0.9  23.9  46.6  70.7  99.7   0.3  25.7  50.4  74.0 100.0   0.6  23.0  58.8  81.8  98.8  335   1trka1                    
  45.2  33.5  21.3  31.6  17.3  14.3   1.0  23.9  48.2  71.1  99.0   0.5  19.8  54.3  80.2 100.0   2.5  27.9  47.7  67.0  97.0  197   1trka2                    
  40.9  33.9  25.3  27.0  23.2  18.4   0.5  18.8  45.2  73.1  98.9   2.2  30.6  54.8  75.8  99.5   1.1  25.8  46.2  72.6 100.0  186   1gky                      
  36.2  37.8  26.0  26.7  19.0  20.0   0.5  16.8  42.3  71.9  99.5   3.6  28.6  44.9  73.5 100.0   1.5  30.1  55.6  77.6  98.5  196   1ukz                      
  36.4  38.2  25.5  26.5  19.6  23.3   0.5  17.3  44.5  70.0  99.5   2.7  31.4  51.4  75.5 100.0   2.3  25.5  55.0  78.6  99.1  220   2ak3b                     
  36.7  39.2  24.1  29.1  18.2  17.0   1.2  23.5  46.4  73.5  95.2   1.8  21.7  47.6  69.9  99.4   0.6  25.3  54.2  77.1 100.0  166   5p21                      
  32.3  37.9  29.7  23.2  14.4  25.8   0.5  20.0  44.6  72.8  97.4   2.1  22.6  49.2  76.9 100.0   1.0  24.6  50.8  71.3  99.5  195   1tadc2                    
  37.7  38.7  23.6  24.6  19.9  20.9   0.5  21.7  44.3  67.5 100.0   1.9  28.8  59.4  76.4  99.1   0.9  24.5  43.4  73.1  98.6  212   1eft1                     
  35.7  39.1  25.2  27.2  16.0  21.8   0.8  23.3  46.5  71.7 100.0   1.2  29.8  55.0  78.7  99.2   0.4  19.4  43.0  63.6  98.8  258   1efg1                     
  45.7  35.6  18.7  31.2  17.4   9.6   2.7  20.5  45.2  74.9  99.1   2.3  29.7  52.1  73.5 100.0   0.5  16.4  46.6  74.4  97.3  219   1dts                      
  38.2  40.6  21.2  29.8  17.7  17.0   0.4  21.6  41.3  65.7 100.0   1.4  26.9  54.4  78.4  99.6   0.7  21.2  54.8  77.4  96.8  283   1nipa                     
  40.3  39.9  19.8  36.3  13.5  16.9   0.4  21.3  43.7  65.3  99.6   0.7  27.2  52.2  77.6  97.0   1.5  26.1  61.6  82.1 100.0  268   2reb1                     
  32.9  37.1  30.0  25.9  16.5  23.1   1.9  24.4  48.4  70.9  98.6   0.9  29.6  54.5  78.4  99.5   0.5  13.1  42.3  71.4 100.0  213   3cla                      
  41.2  37.4  21.4  31.8  18.6  15.3   0.8  27.6  56.0  74.5  98.8   0.4  21.4  46.5  73.3 100.0   3.7  23.0  44.4  79.4  98.4  243   1eaf                      
  36.9  39.5  23.6  28.8  21.8  18.6   0.6  23.6  42.7  70.7  96.2   1.3  21.0  51.0  73.2  99.4   3.8  33.8  54.1  75.8 100.0  157   1pnt                      
  33.5  36.7  29.9  22.4  17.3  26.0   2.5  23.7  54.0  76.6  98.6   0.7  25.9  48.9  70.5  99.6   0.4  19.4  44.6  73.4 100.0  278   2hnq                      
  41.1  37.9  21.1  36.9  16.5  14.7   0.7  23.6  48.9  71.8 100.0   1.4  25.7  52.9  80.4  99.6   0.4  21.4  45.7  74.3  98.2  280   1yptb                     
  44.4  36.1  19.4  29.9  15.0  16.8   0.9  19.4  43.5  70.4 100.0   3.7  27.8  53.7  76.9  99.1   2.8  25.0  45.4  67.6  94.4  108   2trxa                     
  38.1  37.1  24.8  24.0  16.3  19.2   6.7  24.8  43.8  69.5  95.2   1.9  21.9  53.3  81.9 100.0   1.0  25.7  41.0  75.2  91.4  105   1mdka                     
  45.3  35.9  18.8  42.9  20.6  17.5   1.6  17.2  42.2  67.2 100.0   6.2  28.1  46.9  73.4  98.4   9.4  25.0  53.1  75.0  96.9  64   1dsba2                     
  37.6  37.6  24.7  29.8  23.8  25.0   3.5  20.0  49.4  76.5 100.0   2.4  30.6  54.1  72.9  97.6   1.2  18.8  38.8  63.5  94.1  85   1ego                       
  35.6  33.3  31.0  23.3  20.9  23.3   6.9  19.5  51.7  75.9  92.0   4.6  29.9  48.3  69.0  96.6   1.1  13.8  37.9  74.7 100.0  87   1aba                       
  37.7  37.7  24.6  26.4  19.2  19.8   1.1  20.8  50.8  72.7 100.0   1.6  25.1  43.2  70.5  99.5   0.5  27.3  51.9  73.8  92.3  183   1gp1a                     
  33.3  32.1  34.5  21.7  22.9  19.3   1.2  28.6  45.2  71.4  95.2   3.6  19.0  52.4  70.2  94.0   2.4  26.2  50.0  79.8 100.0  84   2gsta1                     
  37.7  32.5  29.9  32.9  23.7  17.1   1.3  18.2  48.1  71.4  97.4   6.5  31.2  46.8  75.3  98.7   3.9  16.9  45.5  68.8 100.0  77   1gsra1                     
  38.7  28.0  33.3  24.3  35.1  13.5   1.3  29.3  52.0  74.7 100.0   6.7  26.7  44.0  69.3  97.3   2.7  14.7  41.3  66.7  98.7  75   1gsq1                      
  35.2  40.2  24.5  30.4  17.7  18.8   0.4  23.8  47.1  74.3  99.6   0.8  26.4  51.0  70.9  98.9   3.1  21.5  50.6  78.9 100.0  261   1eria                     
  32.0  37.7  30.3  23.5  21.4  24.3   0.4  19.3  45.5  73.8  99.2   0.8  22.1  47.5  71.3  98.0   1.2  30.3  53.7  80.3 100.0  244   1rvaa                     
  30.5  42.5  27.0  28.6  17.6  23.6   4.5  21.0  50.5  75.5  97.5   1.0  24.5  46.0  71.5  99.5   0.5  30.5  54.0  76.5 100.0  200   1bam                      
  29.9  40.9  29.2  28.1  17.0  20.3   0.6  23.4  44.2  68.2  98.1   3.2  19.5  40.3  67.5  99.4   1.3  43.5  63.6  81.8 100.0  154   1pvua                     
  42.1  34.7  23.2  30.2  19.6  12.7   1.1  21.6  46.8  76.8  99.5   2.6  25.3  53.7  74.7 100.0   0.5  31.1  47.4  65.8  97.9  190   3hsc                      
  40.4  34.9  24.7  31.7  19.3  17.9   0.7  15.8  37.7  70.5 100.0   1.4  29.5  53.4  76.0  97.3  12.3  32.2  56.2  77.4  97.9  146   1atna1                    
  41.2  34.1  24.8  28.0  15.6  21.8   0.9  23.5  49.6  72.6  98.2   2.2  26.1  46.0  74.3  99.1   0.4  23.9  53.1  74.8 100.0  226   1atna2                    
  37.4  38.7  23.9  28.9  19.0  20.2   2.1  22.6  47.7  74.5  99.6   1.2  24.3  48.1  77.4 100.0   0.4  25.9  54.7  71.6  99.2  243   1glcg1                    
  38.6  36.6  24.8  27.3  18.4  21.2   0.8  20.7  43.5  69.1  98.4   0.4  25.6  53.3  74.8  99.6   1.6  27.2  50.8  81.7 100.0  246   1glcg2                    
  38.7  33.5  27.7  23.4  24.7  17.5   1.9  26.5  50.3  72.9  97.4   0.6  24.5  49.7  73.5  94.8   1.3  18.7  40.6  76.1 100.0  155   1chma1                    
  36.8  35.5  27.7  20.1  18.8  24.7   5.8  19.4  44.5  72.3  96.8   1.3  31.0  49.0  74.8 100.0   0.6  22.6  53.5  68.4  97.4  155   2rn2                      
  33.6  49.6  16.8  33.1  10.5  19.4   5.6  21.6  47.2  67.2  99.2   1.6  32.0  54.4  76.0 100.0   0.8  17.6  29.6  68.8  95.2  125   1hrha                     
  36.8  40.4  22.8  32.3  21.4  15.6   0.5  20.7  42.5  69.9  98.4   2.1  23.8  48.7  75.6  99.5   1.0  32.1  57.5  74.6 100.0  193   1dpi1                     
  39.9  41.1  19.0  34.4  14.6  19.7   0.6  20.3  48.1  75.3  98.7   1.3  27.8  51.9  71.5 100.0   7.0  22.8  44.3  67.7  99.4  158   1hjra                     
  35.7  36.5  27.8  29.9  20.2  21.1   2.0  25.1  51.2  76.9 100.0   0.6  28.9  51.8  73.4  99.1   0.3  17.5  43.3  70.2  99.7  342   1rpa                      
  42.0  36.4  21.6  30.9  15.2  17.4   0.9  22.9  51.5  75.8  99.6   0.4  25.5  46.8  74.5  99.1   1.7  28.1  47.2  71.4 100.0  231   1gph1                     
  37.4  35.5  27.1  29.6  22.1  19.2   0.5  22.4  49.5  73.4 100.0   1.9  24.3  52.3  72.0  96.3   6.1  24.8  46.3  79.4  99.5  214   1hmpa                     
  38.5  36.5  25.0  27.1  21.3  17.9   1.4  29.3  49.5  69.2  99.5   2.4  27.4  56.7  78.4 100.0   0.5  14.4  42.3  74.0  99.0  208   1sto                      
  40.2  37.1  22.7  27.8  19.2  18.0   1.5  24.0  46.7  71.0  99.5   0.8  23.0  50.3  78.0 100.0   0.3  27.3  53.5  77.5  97.2  396   1ars                      
  35.2  36.2  28.6  26.6  20.0  23.1   0.9  23.9  48.4  74.4  99.5   0.5  25.4  49.3  73.2 100.0   0.2  21.6  53.1  78.4  99.8  426   1tpla                     
  44.5  33.6  21.8  31.2  22.3  12.1   0.7  25.5  48.0  71.0  99.8   0.2  25.8  55.7  79.4 100.0   1.6  17.9  42.0  70.1  99.5  431   2dkb                      
  36.7  36.6  26.7  27.9  19.2  18.8   0.2  22.5  43.4  68.9 100.0   0.4  26.7  51.1  75.4  99.6   1.5  24.6  54.4  79.4  99.1  528   1ack                      
  41.9  31.3  26.8  32.0  20.4  14.9   1.3  24.2  52.3  71.9  99.7   0.6  24.8  46.8  77.7 100.0   0.3  22.6  46.1  72.3  98.7  310   1ede                      
  36.4  40.1  23.5  30.0  18.8  18.1   0.7  26.5  50.3  74.1 100.0   0.3  27.2  50.0  76.9  99.3   1.0  20.7  46.3  71.8  99.7  294   1thta                     
  53.6  31.9  14.5  34.5  15.8  10.1   0.6  21.1  50.2  77.0 100.0   0.3  26.5  51.4  69.7  99.4   2.8  26.2  42.6  73.8  97.5  317   1tca                      
  45.3  34.7  20.0  31.1  18.2  15.2   0.4  22.6  51.7  77.7 100.0   0.8  27.5  51.3  74.3  99.2   1.1  24.2  41.9  69.1  97.0  265   3tgl                      
  45.4  33.8  20.8  29.5  19.0  17.5   1.1  21.9  50.6  73.2  99.6   0.4  24.9  47.6  75.5 100.0   2.6  30.1  51.3  73.6  97.4  269   1tib                      
  47.6  32.0  20.4  30.4  17.8  14.4   0.2  24.3  49.8  72.7  99.4   1.1  21.7  48.9  74.7 100.0   4.3  28.3  52.2  78.7  99.8  534   1crl                      
  50.3  34.6  15.1  30.6  13.2  12.0   0.3  28.0  51.9  71.4  99.7   3.1  25.2  50.3  80.2 100.0   0.9  13.8  38.1  79.6  98.7  318   1taha                     
  44.8  31.5  23.7  25.3  22.0  14.6   1.2  30.3  53.7  79.2 100.0   0.6  22.3  40.7  65.9  99.4   0.3  22.6  48.7  78.9  99.7  337   1lpbb1                    
  44.1  29.7  26.2  24.7  20.4  14.9   0.4  22.7  45.3  76.2  99.2   2.7  21.9  45.7  72.7 100.0   0.8  31.2  54.7  74.2  97.7  256   1whta                     
  44.4  28.8  26.8  23.0  22.4  15.8   0.7  24.2  48.4  67.3  99.3   4.6  35.3  56.9  79.7 100.0   1.3  20.3  43.1  74.5  98.0  153   1whtb                     
  42.0  32.2  25.7  26.8  27.1  14.7   0.3  27.0  49.5  73.6  99.0   1.6  22.1  55.7  75.9 100.0   0.7  22.5  47.2  70.4  98.7  307   2ctc                      
  49.1  31.6  19.2  32.4  19.0  12.4   0.7  21.6  47.8  77.0 100.0   1.4  23.4  45.4  65.3  97.9   0.3  31.3  61.9  80.4  98.3  291   1amp                      
  31.7  40.3  28.0  27.6  15.1  25.9   1.1  21.0  46.2  68.8 100.0   0.5  25.3  50.0  75.3  99.5   7.5  29.0  52.7  76.3  98.9  186   1drf                      
  40.3  34.0  25.8  29.7  20.9  18.4   1.9  27.0  49.7  76.1  95.6   1.3  21.4  49.1  69.2  98.7   0.6  23.9  47.8  78.6 100.0  159   4dfra                     
  38.9  34.6  26.5  28.0  24.2  18.0   0.6  25.9  53.1  76.5 100.0   2.5  25.3  46.9  70.4  98.1   1.9  18.5  39.5  75.3  99.4  162   3dfr                      
  38.4  38.4  23.2  28.6  15.3  20.3   0.2  25.1  52.9  77.8  98.8   0.7  21.7  46.9  71.5  99.8   0.5  28.3  47.6  71.0 100.0  414   7icd                      
  42.9  35.9  21.2  34.0  18.0  12.5   1.2  22.6  53.9  79.7 100.0   0.9  25.2  47.2  71.3  99.7   0.3  27.5  48.4  64.1  99.4  345   1hex                      
  44.0  37.3  18.7  36.2  13.4  12.1   0.7  30.7  52.7  74.7 100.0   1.3  20.0  52.0  80.7  99.3   3.3  26.7  39.3  65.3  95.3  150   8atca1                    
  34.4  38.8  26.9  31.4  20.1  22.0   1.9  23.8  45.6  75.6  98.1   1.2  30.0  51.9  76.2 100.0   0.6  20.6  47.5  69.4  97.5  160   8atca2                    
  34.6  41.7  23.7  30.6  15.0  17.7   1.7  23.7  44.4  67.1  98.6   1.4  26.8  48.5  74.9  99.3   0.3  20.3  54.2  81.0 100.0  295   2at2a                     
  37.0  34.0  28.9  24.9  24.2  19.7   1.3  24.4  45.8  75.2 100.0   0.4  23.3  46.3  69.4  99.8   0.2  24.8  58.9  80.3  99.6  467   1mina                     
  37.4  33.5  29.1  25.9  21.9  19.0   0.2  23.9  48.1  71.5  99.4   0.4  24.7  49.8  75.1  99.8   1.1  24.9  51.7  76.6 100.0  522   1minb                     
  29.3  41.2  29.6  26.0  18.7  23.2   1.2  25.3  50.6  73.2  99.7   0.9  20.1  43.9  74.1 100.0   0.3  26.5  52.4  75.6  98.8  328   1bgu                      
  31.9  39.5  28.6  24.5  17.5  23.6   0.1  23.6  48.7  77.7  99.6   0.2  26.6  50.4  73.8 100.0   1.1  23.0  49.8  72.9  99.9  822   1gpb                      
  41.7  41.0  17.3  32.2  15.9  14.1   0.7  25.8  49.8  75.3  97.4   1.5  20.3  46.9  72.0 100.0   0.4  28.0  53.5  76.0  99.6  271   2dri                      
  41.6  34.4  23.9  29.3  20.7  16.4   1.6  23.3  50.2  73.4  99.7   0.3  24.3  51.8  75.4  99.0   1.0  25.6  44.9  72.1 100.0  305   8abp                      
  41.4  37.2  21.4  29.9  21.1  13.6   0.3  24.3  51.5  76.4  99.4   1.6  21.7  47.2  74.4  99.7   1.3  26.2  46.3  72.2 100.0  309   1gca                      
  44.5  34.9  20.6  31.8  17.8  16.3   0.6  23.8  48.5  76.7  99.7   0.3  22.4  47.1  70.9  98.0   1.2  31.7  54.7  77.3 100.0  344   2liv                      
  39.9  41.3  18.8  37.7  15.9  16.9   0.5  30.8  52.9  77.4  99.5   1.0  25.0  48.1  75.0 100.0   2.4  13.9  37.5  66.3  97.1  208   1pda1                     
  40.1  35.6  24.3  26.9  22.4  15.9   0.6  24.6  49.5  76.1  99.7   1.0  21.0  48.5  68.3  99.4   0.3  27.2  51.1  83.2 100.0  309   1sbp                      
  37.1  37.5  25.3  26.0  18.8  18.6   0.2  21.5  47.2  77.8  97.7   0.6  26.3  48.7  73.1  99.6   2.3  27.9  52.8  76.8 100.0  517   1olba                     
  40.5  35.1  24.3  29.3  23.8  15.7   1.4  25.1  51.4  73.0  99.7   0.5  26.2  51.9  76.2  99.5   0.3  23.0  45.7  69.2 100.0  370   1omp                      
  41.2  34.9  23.9  31.2  20.3  17.7   0.4  23.9  50.0  72.7 100.0   0.8  21.0  44.5  68.1  98.7   2.1  28.6  55.9  82.8  99.2  238   1hsla                     
  44.9  34.0  21.2  27.8  19.7  15.0   0.6  21.2  50.5  73.5  99.4   0.3  24.9  47.4  69.5  99.7   3.4  33.3  57.0  81.3 100.0  321   1pbp                      
  44.2  32.0  23.8  29.1  21.4  15.6   0.3  25.6  48.5  72.3  99.4   0.6  18.9  42.7  70.7  99.1   1.2  29.3  58.2  80.8 100.0  328   1nnt                      
  39.3  41.5  19.2  36.8  14.3  15.2   2.7  31.2  47.8  80.4  99.1   0.4  25.0  50.0  75.9 100.0   1.8  16.5  49.6  67.9  97.8  224   1pxtb1                    
  40.3  41.9  17.7  36.6  15.4  15.4   3.2  23.4  54.0  71.8  96.0   0.8  24.2  41.1  73.4 100.0   6.5  22.6  50.8  78.2  99.2  124   1pxtb2                    
  51.9  28.8  19.2  23.3  17.5  13.6   1.0  16.3  47.1  69.2 100.0   8.7  31.7  59.6  80.8  98.1   3.8  26.0  43.3  56.7  96.2  104   9rnt                      
  51.0  30.2  18.8  32.6  20.0   7.4   1.0  17.7  46.9  75.0 100.0   2.1  20.8  40.6  60.4  97.9  29.2  41.7  57.3  71.9  92.7  96   1gmpa                      
  43.9  28.0  28.0  26.4  26.4  17.9   2.8  25.2  45.8  71.0  97.2   0.9  18.7  39.3  68.2  99.1   3.7  22.4  61.7  81.3 100.0  107   1bsaa                     
  46.4  30.4  23.2  34.5  23.6  14.5   3.6  30.4  46.4  78.6  98.2   8.9  14.3  37.5  62.5 100.0   1.8   7.1  50.0  58.9  92.9  56   1pga                       
  44.9  34.6  20.5  32.5  20.8  13.0   7.7  24.4  50.0  73.1 100.0   1.3  14.1  30.8  69.2  94.9   3.8  46.2  61.5  78.2  97.4  78   2ptl                       
  34.2  44.7  21.1  22.7  16.0  25.3   9.2  25.0  48.7  69.7 100.0   2.6  22.4  47.4  73.7  96.1   1.3  14.5  55.3  77.6  97.4  76   1ubi                       
  49.5  32.0  18.6  26.0  21.9  13.5   1.0  23.7  52.6  68.0 100.0   6.2  27.8  43.3  79.4  99.0   2.1  18.6  45.4  73.2  92.8  97   2pia3                      
  42.9  40.8  16.3  33.0  18.6  12.4   1.0  28.6  48.0  73.5 100.0   4.1  20.4  37.8  67.3  99.0   3.1  11.2  66.3  83.7  98.0  98   1frd                       
  45.3  37.7  17.0  31.4  13.3  18.1   0.9  25.5  42.5  70.8  97.2   2.8  26.4  60.4  79.2  99.1   1.9  11.3  48.1  66.0 100.0  106   1put                      
  35.6  35.6  28.7  26.0  18.0  20.0   2.0  23.8  53.5  69.3  97.0   1.0  29.7  46.5  87.1 100.0   9.9  22.8  41.6  61.4  93.1  101   1tssa2                    
  46.0  29.0  25.0  30.1  20.3  16.3   2.4  18.5  51.6  71.8  99.2   1.6  34.7  50.0  81.5 100.0   0.8  20.2  37.1  73.4  96.8  124   7rsa                      
  40.4  30.8  27.9  29.1  21.4  17.5   1.9  24.0  51.9  72.1 100.0   3.8  25.0  50.0  76.0  97.1   2.9  22.1  38.5  73.1  94.2  104   1onc                      
  39.8  30.1  30.1  28.7  23.0  16.4   1.6  22.8  50.4  73.2 100.0   0.8  34.1  51.2  82.9  96.7   4.1  19.5  40.7  66.7  99.2  123   1ang                      
  43.1  30.0  26.9  30.2  22.5  17.8   0.8  22.3  40.8  70.0 100.0   1.5  23.1  45.4  67.7  99.2   5.4  25.4  60.0  84.6  97.7  130   3cox2                     
  37.3  36.3  26.5  25.7  22.8  22.8   8.8  22.5  45.1  74.5 100.0   1.0  24.5  52.9  76.5  99.0   2.0  11.8  44.1  64.7  96.1  102   1pbe2                     
  44.6  30.8  24.6  26.6  23.4  18.8   3.1  20.0  49.2  69.2  98.5   1.5  26.2  44.6  70.8  92.3   9.2  16.9  60.0  73.8 100.0  65   1gal2                      
  30.2  39.7  30.2  32.3  14.5  29.0   3.2  15.9  49.2  61.9 100.0   7.9  25.4  50.8  74.6  98.4   1.6  23.8  39.7  69.8  96.8  63   1csei                      
  39.7  38.2  22.1  23.9  20.9  17.9   1.5  10.3  29.4  63.2 100.0  17.6  35.3  51.5  75.0  98.5   8.8  16.2  64.7  76.5  97.1  68   1tin                       
  34.1  29.5  36.4  16.3  23.3  30.2  11.4  34.1  54.5  88.6 100.0   4.5  15.9  27.3  56.8  93.2   2.3  18.2  43.2  68.2  84.1  44   3mona                      
  34.7  35.7  29.6  29.9  13.4  25.8   3.1  11.2  40.8  64.3  98.0  10.2  27.6  53.1  74.5  96.9   1.0  33.7  54.1  71.4 100.0  98   1stfi                      
  38.0  38.9  23.1  25.2  20.6  16.8   0.9  20.4  54.6  67.6  99.1   3.7  21.3  49.1  74.1 100.0  13.9  28.7  47.2  75.0  98.1  108   1cewi                     
  29.4  41.2  29.4  19.4  20.9  26.9   4.4  17.6  44.1  61.8 100.0   1.5  33.8  54.4  79.4  98.5   2.9  19.1  32.4  77.9  94.1  68   3il8                       
  46.4  30.4  23.2  19.1  20.6  17.6   1.4  13.0  39.1  63.8  94.2  29.0  43.5  62.3  87.0 100.0   4.3  26.1  40.6  66.7  92.8  69   1huma                      
  38.7  39.3  22.0  33.7  17.4  18.6   2.9  24.3  50.9  74.0  97.1   0.6  27.7  53.2  79.8 100.0   1.2  16.2  39.9  63.6  97.7  173   2glt2                     
  38.1  39.8  22.1  29.2  16.9  19.8   3.3  21.3  45.9  73.0  99.6   0.8  30.7  54.1  77.5 100.0   0.4  20.5  48.8  70.5  98.8  244   1scub1                    
  44.4  33.3  22.2  32.5  22.5  17.5   1.2  29.6  55.6  75.3 100.0   2.5  14.8  43.2  72.8  93.8   7.4  24.7  34.6  61.7  95.1  81   1pyaa                      
  44.3  31.6  24.1  31.3  25.1  11.9   0.9  27.2  46.9  71.9  98.7   1.8  21.5  54.4  77.6  99.1   0.4  25.4  47.4  71.5 100.0  228   1pyab                     
  32.5  36.2  31.2  27.7  20.1  20.8   1.9  26.2  46.2  78.1  99.4   0.6  24.4  51.2  71.9  98.8   3.1  22.5  48.8  69.4 100.0  160   1dlha1                    
  38.3  33.3  28.4  24.7  20.3  19.2   0.5  21.3  51.4  73.2 100.0   2.7  29.5  51.9  77.0  98.4   1.6  24.0  43.2  75.4  98.9  183   1vaaa1                    
  31.2  46.8  22.1  25.0  15.8  18.4   3.9  40.3  59.7  77.9 100.0   1.3  15.6  44.2  74.0  96.1   6.5  26.0  37.7  58.4  85.7  77   1pkp1                      
  39.1  44.8  16.1  32.6  11.6  16.3   5.7  25.3  51.7  69.0  97.7   1.1  27.6  50.6  83.9 100.0   2.3   9.2  34.5  62.1  93.1  87   1pda2                      
  45.6  38.2  16.2  28.4  16.4  11.9   2.9  27.9  44.1  69.1  92.6   1.5  20.6  51.5  70.6  98.5   4.4  11.8  47.1  85.3 100.0  68   1pkp2                      
  39.0  36.6  24.4  30.3  20.5  22.1   0.8  23.6  52.8  77.2 100.0   3.3  27.6  47.2  68.3  96.7   1.6  18.7  39.8  74.8  97.6  123   1efg3                     
  41.1  31.8  27.1  21.7  28.3  13.2   0.9  19.6  47.7  75.7  93.5   1.9  22.4  56.1  84.1 100.0  12.1  27.1  43.0  61.7  98.1  107   1fkf                      
  46.7  35.6  17.8  34.1  20.5  11.4   2.2  17.8  51.1  71.1 100.0  13.3  31.1  55.6  75.6  95.6   8.9  20.0  26.7  48.9  82.2  45   1ctn3                      
  31.9  51.4  16.7  28.2  11.3  14.1   2.8  16.7  41.7  62.5  80.6   4.2  25.0  55.6  81.9  98.6   1.4  12.5  50.0  75.0 100.0  72   1grj2                      
  41.6  31.2  27.2  27.4  16.1  16.1   1.6  20.0  50.4  75.2  98.4   3.2  24.8  52.0  68.0  96.8   0.8  22.4  43.2  77.6 100.0  125   2tpra3                    
  46.8  34.7  18.5  35.0  21.1  13.8   1.6  27.4  48.4  73.4 100.0   2.4  19.4  52.4  70.2  99.2   0.8  20.2  44.4  78.2  98.4  124   3lada3                    
  51.4  31.1  17.6  24.7  19.2  11.0   1.4  20.3  43.2  60.8 100.0   9.5  27.0  51.4  77.0  93.2   8.1  24.3  70.3  83.8  98.6  74   1fcda3                     
  44.6  36.2  19.2  32.6  21.7  11.6   3.8  23.1  50.0  73.8  99.2   0.8  18.5  46.2  65.4  98.5   6.2  36.9  53.8  76.2 100.0  130   2mnr1                     
  43.2  34.7  22.1  30.0  16.7  12.6   0.3  23.8  46.6  73.5  99.3   1.0  24.5  52.0  77.9 100.0   0.7  31.0  49.0  73.1  99.7  294   4enl2                     
  43.3  40.2  16.5  38.9  14.3  13.5   3.1  31.5  56.7  77.2 100.0   2.4  22.0  45.7  69.3  97.6   0.8  16.5  43.3  63.8  89.8  127   1chra1                    
  46.4  26.1  27.5  21.1  24.3   9.9   0.7  21.6  40.5  75.8  99.3   1.3  23.5  48.4  79.1 100.0   7.2  35.3  56.9  69.3  95.4  153   1ezm1                     
  47.7  27.7  24.5  28.6  22.1  13.0   1.3  23.9  45.2  76.1  99.4   0.6  19.4  56.1  76.8 100.0   7.1  27.1  49.0  67.7  97.4  155   8tlne1                    
  40.0  36.0  24.0  27.1  21.6  14.6   0.5  20.5  41.5  70.0  99.5   1.5  25.5  51.5  81.0 100.0   4.0  32.5  53.0  72.0  97.0  200   1iae                      
  32.8  40.3  26.9  23.5  20.0  18.0   1.5  34.3  58.7  79.1 100.0   0.5  18.4  40.8  66.2  99.0   2.5  20.9  50.7  76.6  99.5  201   1iag                      
  44.0  32.5  23.5  33.9  25.2  11.6   0.4  27.6  51.9  77.8  97.9   2.5  19.8  44.4  69.5  99.6   1.2  22.2  49.8  71.2 100.0  243   1srp1                     
  44.6  30.6  24.8  30.1  25.0  14.7   0.6  28.0  51.6  78.3 100.0   2.5  21.7  47.8  72.6  97.5   1.3  19.1  43.3  68.2  99.4  157   1hfc                      
  63.6  30.9   5.5  40.7   3.7   3.7   1.8  25.5  50.9  76.4 100.0   5.5  10.9  36.4  58.2  98.2   3.6   3.6  52.7  54.5  54.5  55   1fca                       
  42.2  39.1  18.8  33.3  15.9   9.5   1.6  21.9  40.6  67.2  98.4   9.4  28.1  56.2  73.4 100.0   3.1   6.2  42.2  57.8  95.3  64   1fxra                      
  34.0  45.0  21.0  37.4  16.2  17.2   2.0  26.0  51.0  78.0 100.0   4.0  24.0  47.0  71.0  99.0   1.0  14.0  34.0  60.0  96.0  100   2atcb1                    
  27.2  49.4  23.5  27.5  12.5  18.8   3.7  27.2  49.4  61.7  81.5   6.2  25.9  56.8  86.4 100.0   1.2   8.6  40.7  60.5  92.6  81   1pba                       
  35.7  39.2  25.2  32.4  19.0  17.6   0.7  24.5  56.6  74.8  98.6   1.4  21.7  49.7  69.2 100.0   2.8  25.9  42.0  78.3  99.3  143   1nhkl                     
  38.1  39.2  22.7  33.3  20.8  16.7   2.1  19.6  39.2  73.2  99.0   9.3  29.9  58.8  78.4  96.9   1.0  17.5  48.5  62.9 100.0  97   1sxl                       
  31.8  35.3  32.9  22.6  29.8  20.2   1.2  31.8  58.8  81.2 100.0   4.7  15.3  40.0  57.6  92.9   2.4  25.9  54.1  82.4  97.6  85   1nrca                      
  41.2  30.6  28.2  26.2  15.5  16.7   1.2  17.6  50.6  81.2  98.8   5.9  23.5  54.1  70.6  97.6   3.5  22.4  31.8  71.8 100.0  85   2bopa                      
  42.6  32.8  24.6  33.9  19.0  18.2   1.6  21.3  37.7  69.7  99.2   0.8  25.4  54.9  77.0  97.5   2.5  36.1  55.7  81.1 100.0  122   3rub1                     
  42.4  31.2  26.4  28.2  26.6  15.3   0.8  27.2  43.2  69.6 100.0   1.6  13.6  48.8  71.2  98.4   4.0  25.6  56.0  82.4  99.2  125   5rub1                     
  37.8  33.7  28.6  29.9  24.7  19.6   1.0  21.4  46.9  71.4  96.9   6.1  27.6  51.0  69.4  98.0   4.1  23.5  44.9  78.6 100.0  98   1aps                       
  21.6  50.5  27.8  25.0  14.6  25.0  12.4  29.9  52.6  70.1  99.0   5.2  19.6  41.2  71.1  97.9   1.0  28.9  55.7  79.4 100.0  97   1ris                       
  31.5  41.6  27.0  25.0  22.7  15.9   5.6  25.8  46.1  66.3  91.0   1.1  16.9  40.4  73.0 100.0   7.9  32.6  60.7  80.9  97.8  89   1efg4                      
  37.0  38.2  24.8  24.1  20.0  20.8   1.6  21.5  43.9  72.4  97.6   0.8  23.6  51.6  78.0  99.6   0.4  26.4  49.6  71.1 100.0  246   1chma2                    
  37.6  38.4  24.0  29.0  21.8  16.4   0.4  24.0  46.0  76.4  99.6   0.8  20.9  49.0  71.9 100.0   1.9  25.1  52.5  75.3  99.2  263   1mat                      
  40.0  43.6  16.4  39.0  15.2   9.8   0.6  24.2  46.1  67.3  96.4   1.2  23.0  49.7  76.4  99.4   3.6  28.5  56.4  79.4 100.0  165   2cmd2                     
  40.7  34.9  24.4  27.5  21.1  16.4   0.6  22.7  48.3  65.7  98.8   1.7  31.4  59.9  83.7 100.0   1.2  15.1  35.5  72.7  97.1  172   1bmda2                    
  41.4  38.5  20.1  32.1  16.7  17.3   1.8  26.0  50.3  74.0  99.4   0.6  20.7  47.9  75.7  98.2   3.6  22.5  46.2  69.8 100.0  169   1llda2                    
  39.7  39.7  20.6  33.7  11.0  16.7   0.4  23.1  47.4  71.3 100.0   0.8  26.7  61.1  83.0  99.2   1.6  19.0  39.3  66.0  99.6  247   1mrj                      
  36.4  39.5  24.1  30.8  18.1  18.8   1.1  21.8  46.4  75.9 100.0   0.4  25.3  54.4  77.0  99.2   2.3  24.9  44.1  69.3  96.9  261   1apa                      
  38.9  30.8  30.3  20.1  22.8  20.1   2.7  24.3  42.7  71.9 100.0   1.1  30.8  52.4  71.4  98.4   0.5  21.1  49.7  76.8  96.8  185   1ltsa                     
  42.2  34.2  23.5  28.0  20.4  16.1   0.5  21.4  41.2  70.1 100.0   2.7  37.4  57.8  79.1  98.4   5.3  20.9  45.5  74.9  97.3  187   1ddt1                     
  41.9  32.4  25.7  28.5  19.0  16.7   0.5  22.1  49.1  74.3  99.5   1.8  26.6  52.3  75.2  98.2   2.3  27.0  45.9  71.2 100.0  222   1prta                     
  29.3  46.3  24.4  25.0   7.5  37.5   2.4   7.3  29.3  70.7  87.8  12.2  22.0  43.9  78.0 100.0  36.6  41.5  58.5  68.3  97.6  41   1ltsc                      
  38.9  36.2  24.8  36.5  20.3  17.6   0.7  33.6  59.1  80.5 100.0   1.3  14.8  47.7  69.8  98.0   3.4  22.1  32.9  65.1  98.7  149   1rtm1                     
  32.2  39.0  28.8  27.4  18.8  23.9   1.7  13.6  44.1  68.6  99.2   3.4  28.0  49.2  70.3  98.3   0.8  21.2  50.8  81.4 100.0  118   1esl1                     
  47.7  31.4  20.9  30.6  25.9  14.1   1.2  23.3  53.5  75.6 100.0   2.3  15.1  43.0  62.8  98.8   8.1  22.1  57.0  74.4  96.5  86   1prtc1                     
  33.7  37.6  28.7  27.0  17.0  16.0   6.9  24.8  39.6  61.4  98.0   7.9  18.8  54.5  80.2 100.0   1.0  20.8  50.5  77.2  97.0  101   1ayaa                     
  41.3  31.2  27.5  29.6  13.0  18.5   0.9  23.9  44.0  73.4 100.0   3.7  22.9  45.0  70.6  97.2   7.3  21.1  52.3  77.1  99.1  109   1ab2                      
  31.4  35.2  33.3  28.8  17.3  21.2   1.0  16.2  41.9  66.7 100.0   4.8  33.3  58.1  74.3  98.1   5.7  22.9  46.7  80.0  92.4  105   2plea                     
  46.0  36.8  17.2  33.7  18.6   9.3   1.1  20.7  51.7  74.7  98.9   2.3  36.8  52.9  80.5 100.0   3.4   6.9  32.2  54.0  93.1  87   1spha                      
  40.0  41.2  18.8  39.3  15.5  16.7   8.2  22.4  45.9  65.9  96.5   3.5  24.7  60.0  82.4 100.0   1.2  20.0  34.1  57.6  95.3  85   1poh                       
  41.8  38.5  19.7  33.1  14.9  11.6   3.3  31.1  54.1  77.0  99.2   4.1  22.1  41.0  71.3  97.5   0.8   9.8  59.8  79.5 100.0  122   2pola1                    
  36.9  37.7  25.4  30.6  19.0  16.5   1.6  28.7  50.0  73.0  99.2   0.8  22.1  46.7  69.7  94.3   4.9  21.3  44.3  76.2 100.0  122   2pola2                    
  33.6  45.1  21.3  28.9  12.4  18.2   4.1  21.3  53.3  80.3  97.5   2.5  30.3  48.4  69.7 100.0   0.8  16.4  32.8  72.1  99.2  122   2pola3                    
  38.1  41.3  20.6  32.8  15.2  16.0   3.2  31.0  56.3  75.4  98.4   1.6  23.0  42.9  71.4 100.0   0.8  11.1  47.6  81.7  99.2  126   1plq1                     
  36.7  36.7  26.7  25.2  21.6  17.7   0.6  23.8  45.7  73.6 100.0   0.3  28.9  56.3  75.6  99.0   2.6  22.5  46.9  74.6  97.7  311   1srya2                    
  34.8  35.1  30.0  23.6  20.7  20.2   0.3  21.5  53.8  78.8 100.0   0.6  20.4  44.2  65.2  99.4   2.5  32.3  54.4  75.9  99.7  353   1asza2                    
  37.3  34.1  28.6  25.6  17.6  20.0   3.2  26.2  46.0  70.6  98.4   0.8  19.0  48.4  73.8  96.0   4.0  27.0  49.2  80.2 100.0  126   1vil                      
  43.6  35.1  21.3  30.1  14.0  20.4   4.3  26.6  48.9  70.2 100.0   1.1  21.3  45.7  71.3  97.9   2.1  13.8  51.1  73.4  95.7  94   1svr                       
  49.6  32.0  18.4  31.5  19.4  12.1   0.8  22.4  41.6  66.4  99.2   2.4  21.6  56.0  81.6  98.4   1.6  28.0  53.6  72.0 100.0  125   2acg                      
  45.3  30.9  23.7  23.9  26.1  15.2   0.7  19.4  44.6  67.6  98.6   2.9  28.8  46.8  73.4  99.3   2.2  28.1  61.2  85.6 100.0  139   2btfp                     
  30.8  37.8  31.4  20.9  20.6  25.6   0.3  29.3  55.1  74.5  99.4   0.6  23.8  47.5  75.1  99.7   2.1  22.9  45.5  73.6 100.0  341   1apme                     
  35.6  36.6  27.7  25.8  22.2  21.2   0.3  27.7  51.2  71.3  98.7   1.0  20.5  42.9  76.2  99.7   1.3  26.7  53.5  75.9 100.0  303   1irk                      
  40.6  34.9  24.5  25.6  23.7  18.0   0.9  25.9  50.5  75.5  98.6   0.5  21.7  51.9  69.8 100.0   1.9  28.8  47.2  78.3  99.5  212   1ppn                      
  46.3  29.3  24.4  28.9  23.5  13.7   1.0  20.5  41.5  72.2 100.0   0.5  23.9  56.1  78.0  98.0   8.3  29.8  53.2  71.7  99.0  205   1hucb                     
  41.4  36.7  21.9  28.2  18.4  14.5   0.4  25.4  55.5  77.7  99.2   2.3  23.4  46.5  67.6 100.0   1.2  23.8  47.3  76.6  98.8  256   4blma                     
  42.9  34.5  22.6  34.9  20.1  15.6   0.3  23.1  47.9  74.9  99.7   0.6  24.5  50.4  76.3 100.0   1.4  27.3  50.7  71.9  98.6  359   2blta                     
  47.8  32.9  19.3  33.5  20.2  12.1   0.3  22.2  51.3  73.8 100.0   0.9  23.9  49.0  73.2  98.0   4.6  30.5  48.7  78.1  99.7  347   3pte                      
  53.1  22.6  24.3  22.3  26.4   9.1   0.4  24.3  44.4  71.6 100.0   0.8  25.1  56.4  81.1  98.4   3.3  22.2  45.7  72.4  99.6  243   2baa                      
  44.2  30.2  25.6  27.3  21.1  15.6   3.1  27.9  51.9  69.8  98.4   1.6  27.1  45.7  72.1 100.0   0.8  14.7  41.1  79.8  99.2  129   2ihl                      
  35.8  35.8  28.4  31.1  19.9  22.4   6.2  25.9  50.6  72.2  98.8   1.2  20.4  43.8  66.7  92.6   0.6  19.1  54.3  77.8 100.0  162   1l92                      
  43.2  28.6  28.1  26.6  28.8  14.7   1.1  17.8  46.5  76.8  99.5   3.8  29.7  48.1  68.6  98.4   0.5  26.5  53.5  76.2 100.0  185   1gbs                      
  39.4  37.2  23.4  28.8  16.6  17.9   1.2  24.1  47.8  73.4 100.0   0.3  21.6  45.3  74.1  99.1   2.2  29.4  58.1  75.9  99.7  320   1frpa                     
  39.3  38.6  22.1  31.7  17.0  18.8   1.5  26.1  50.4  75.0  99.6   0.7  23.5  52.2  73.2 100.0   0.4  22.4  46.3  68.8  98.9  272   2hhma                     
  38.5  41.5  20.0  35.6  13.3  17.0   0.5  33.5  57.0  77.2 100.0   1.0  20.5  43.0  69.2  99.0   0.2  18.8  53.2  77.0  99.8  400   1inp                      
  35.2  40.3  24.5  27.5  20.4  19.8   0.2  23.1  52.0  74.5  99.8   0.7  24.9  46.3  74.2  99.6   0.4  26.4  50.7  75.1 100.0  546   1dpi                      
  39.3  35.7  25.0  31.8  17.4  19.5   0.5  19.4  48.0  72.4 100.0   1.0  24.0  46.4  75.0  99.0   5.6  31.1  53.1  74.5  98.0  196   1har                      
  34.2  37.9  27.9  28.5  16.3  22.2   0.4  24.6  47.1  75.0  99.6   2.1  24.2  49.2  72.5 100.0   2.9  23.3  50.4  73.8  99.2  240   1bpb                      
  35.2  38.7  26.2  26.8  17.2  21.6   1.5  18.9  43.9  77.6 100.0   0.6  26.2  49.4  74.1  99.7   0.3  28.5  51.5  71.2  93.9  344   1hlea                     
  32.3  35.5  32.3  13.3  16.7  30.0  19.4  22.6  61.3  83.9 100.0   3.2   6.5  35.5  67.7  80.6  12.9  25.8  41.9  51.6  90.3  31   1hleb                      
  31.4  37.1  31.4  20.6  20.6  26.5   2.9   8.6  51.4  77.1 100.0  11.4  22.9  42.9  62.9  97.1   5.7  17.1  31.4  71.4  94.3  35   1achb                      
  40.1  38.1  21.8  32.1  18.4  16.8   0.5  25.9  49.7  77.7  96.4   2.0  24.9  55.8  78.2  99.5   1.0  17.8  38.1  56.9 100.0  197   1cola                     
  38.1  43.1  18.8  35.6  15.0  18.9   0.6  29.8  50.8  66.9  99.4   1.7  27.1  53.6  77.9  97.8   3.9  15.5  32.0  68.5 100.0  181   1ddt2                     
  33.6  38.9  27.5  30.3  21.1  22.4   0.4  19.2  43.7  65.9  99.1   2.2  24.5  47.2  72.9  99.6   1.3  27.9  56.3  79.5 100.0  229   1dlc1                     
  41.8  31.2  27.0  26.7  25.2  15.2   0.3  25.8  50.3  70.9  99.1   0.6  26.1  55.5  80.9  99.7   1.2  22.1  45.8  70.6 100.0  330   1pho                      
  52.5  27.6  19.9  31.7  21.7  11.3   1.7  25.6  50.2  75.1  98.3   0.3  26.6  49.5  75.4  98.7   1.0  15.9  45.8  69.8 100.0  301   2por                      
  38.1  33.4  28.5  29.9  21.9  17.9   0.3  22.8  48.3  74.5 100.0   0.7  19.2  51.0  74.8  99.3   1.0  28.8  49.7  72.2  99.7  302   1pcrm                     
  39.2  32.6  28.2  30.1  21.3  16.9   0.4  22.3  47.3  74.7 100.0   0.7  27.5  48.4  71.1  98.5   1.8  22.7  52.0  75.8  99.6  273   1prcl                     
  58.8  21.6  19.6  22.0  28.0   6.0   3.9  31.4  54.9  76.5 100.0   7.8   9.8  25.5  37.3  94.1   2.0  17.6  49.0  62.7  86.3  51   9wga1                      
  67.6  14.7  17.6  15.2  27.3   9.1   2.9  23.5  52.9  76.5 100.0  14.7  14.7  17.6  32.4  79.4  20.6  20.6  41.2  50.0  94.1  34   9wga2                      
  65.1  23.3  11.6  26.2  14.3   9.5   7.0  27.9  58.1  81.4 100.0   2.3  14.0  34.9  46.5  83.7   4.7   4.7  23.3  48.8  69.8  43   9wga3                      
  71.4  11.9  16.7  14.6  22.0   4.9   4.8  21.4  57.1  78.6 100.0  26.2  26.2  33.3  35.7  85.7   2.4   2.4  23.8  47.6  71.4  42   9wga4                      
  61.1  13.9  25.0  17.1  34.3   8.6   5.6  25.0  47.2  69.4  94.4  13.9  13.9  19.4  63.9 100.0   2.8  22.2  36.1  58.3  97.2  36   4cpai                      
  54.2  22.9  22.9  31.9  38.3   8.5   4.2  25.0  45.8  66.7 100.0   2.1   6.2  62.5  83.3  93.8  18.8  22.9  43.8  60.4  97.9  48   1oma                       
  50.8  24.6  24.6  26.6  31.2  10.9   4.6  30.8  55.4  76.9 100.0   3.1  26.2  35.4  75.4  95.4   1.5  12.3  46.2  64.6  96.9  65   2sn3                       
  46.9  23.4  29.7  19.0  38.1  14.3   4.7  25.0  53.1  71.9  98.4   1.6  10.9  35.9  50.0  85.9   3.1  23.4  54.7  78.1 100.0  64   1ptx                       
  43.2  21.6  32.4  19.4  38.9  19.4   8.1  21.6  40.5  70.3 100.0  10.8  13.5  43.2  54.1  81.1   5.4  37.8  67.6  83.8  97.3  37   2crd                       
  41.9  32.3  25.8  40.0  30.0   6.7   3.2  25.8  45.2  67.7  90.3  12.9  16.1  48.4  58.1  93.5   6.5  19.4  41.9  80.6 100.0  31   1scy                       
  58.3   8.3  33.3  11.4  51.4   5.7   5.6  22.2  50.0  66.7  97.2  30.6  30.6  88.9  94.4  94.4   2.8  16.7  38.9  69.4 100.0  36   1chl                       
  48.6  21.6  29.7  11.1  33.3  11.1   2.7  27.0  48.6  70.3 100.0   5.4   8.1  13.5  35.1  81.1  18.9  43.2  64.9  78.4  91.9  37   1ktx                       
  55.0  27.5  17.5  28.2  25.6  10.3   2.5  17.5  40.0  67.5  95.0  12.5  15.0  52.5  77.5 100.0  32.5  32.5  57.5  72.5  97.5  40   1ica                       
  46.8  23.4  29.8  23.9  26.1  10.9   6.4  25.5  51.1  72.3 100.0   4.3  36.2  48.9  57.4  97.9   2.1  10.6  31.9  80.9  95.7  47   2gps                       
  58.3  27.8  13.9  37.1  17.1   0.0   2.8  25.0  44.4  61.1  97.2   5.6  19.4  72.2  77.8 100.0  11.1  11.1  13.9  36.1  88.9  36   2cbh                       
  43.6  43.6  12.8  47.4  18.4   5.3   2.6  30.8  51.3  69.2  97.4   5.1  12.8  28.2  53.8  92.3  48.7  48.7  64.1  84.6 100.0  39   1lpba1                     
  45.7  34.8  19.6  42.2  20.0  11.1   6.5  19.6  47.8  65.2  93.5   2.2  21.7  56.5  80.4 100.0  17.4  23.9  32.6  45.7  95.7  46   1lpba2                     
  61.1  13.9  25.0  20.0  40.0   8.6   2.8  19.4  38.9  63.9  97.2   5.6   5.6  27.8  72.2  91.7  13.9  41.7  55.6  75.0 100.0  36   1tabi                      
  50.0  29.0  21.0  27.9  14.8  16.4   4.8  25.8  48.4  71.0  96.8   3.2  16.1  59.7  83.9 100.0   1.6   9.7  41.9  51.6  82.3  62   3ebx                       
  54.1  18.0  27.9  13.3  31.7   6.7   1.6  19.7  50.8  72.1  96.7  21.3  23.0  32.8  78.7  98.4   3.3  18.0  44.3  54.1 100.0  61   1fas                       
  38.3  31.7  30.0  27.1  16.9  16.9   5.0  23.3  55.0  78.3  98.3   1.7  11.7  43.3  68.3 100.0   3.3  20.0  41.7  58.3  96.7  60   1cdta                      
  42.9  32.9  24.3  24.6  21.7  15.9   4.3  17.1  34.3  64.3  98.6   1.4  24.3  50.0  77.1 100.0   5.7  42.9  58.6  75.7  94.3  70   1erh                       
  48.3  19.0  32.8  15.8  31.6  12.3   3.4  20.7  51.7  82.8 100.0  10.3  12.1  41.4  58.6  84.5   1.7  25.9  39.7  70.7  91.4  58   7pti                       
  45.5  23.6  30.9  22.2  22.2  14.8   1.8  20.0  47.3  67.3 100.0   5.5  18.2  45.5  76.4  96.4   9.1  29.1  40.0  60.0  94.5  55   1knt                       
  48.3  21.7  30.0  23.7  27.1  15.3   8.3  28.3  55.0  75.0  98.3   3.3  10.0  30.0  46.7 100.0   1.7  15.0  45.0  71.7  93.3  60   1tap                       
  50.0  20.0  30.0  20.7  27.6  20.7   3.3  13.3  36.7  63.3 100.0  20.0  20.0  43.3  66.7  83.3  10.0  16.7  50.0  70.0  93.3  30   1dfna                      
  52.6  23.7  23.7  32.4  29.7  10.8   2.6  15.8  44.7  71.1  97.4   7.9  21.1  34.2  50.0  84.2  18.4  42.1  57.9  78.9 100.0  38   1bnb                       
  57.1  14.3  28.6  12.2  39.0   7.3   2.4  16.7  47.6  66.7  97.6  33.3  33.3  40.5  71.4  88.1   9.5  26.2  59.5  78.6 100.0  42   2bds                       
  60.4  18.8  20.8  27.7  17.0   6.4   2.1  18.8  39.6  60.4  91.7  16.7  25.0  43.8  56.2  83.3   8.3  27.1  75.0  93.8 100.0  48   2sh1                       
  54.9  29.4  15.7  32.0  22.0   8.0   2.0  17.6  51.0  74.5  94.1   5.9  19.6  33.3  62.7  98.0  21.6  25.5  52.9  82.4 100.0  51   2hcgb                      
  54.8  23.8  21.4  31.7  31.7   7.3   4.8  19.0  47.6  66.7  97.6  11.9  16.7  33.3  71.4  90.5   2.4  21.4  42.9  76.2 100.0  42   1ccf                       
  49.1  26.4  24.5  28.8  28.8   7.7   3.8  15.1  37.7  62.3  86.8   1.9  30.2  49.1  66.0  98.1   5.7  24.5  54.7  84.9 100.0  53   3egf                       
  48.0  26.0  26.0  20.4  30.6  10.2   6.0  22.0  56.0  74.0 100.0   2.0  12.0  50.0  66.0  98.0   8.0  24.0  36.0  58.0  90.0  50   4tgf                       
  32.0  38.0  30.0  26.5  30.6  30.6   2.0  22.0  68.0  82.0 100.0   6.0  18.0  38.0  62.0  96.0   4.0  20.0  42.0  66.0  98.0  50   1tpn                       
  46.7  30.0  23.3  24.1  20.7  13.8   3.3  10.0  36.7  50.0  96.7  46.7  60.0  76.7  83.3 100.0  20.0  20.0  30.0  56.7  73.3  30   2pf11                      
  41.9  27.9  30.2  21.2  29.4  11.8   1.2  19.8  43.0  72.1  98.8   3.5  36.0  54.7  79.1  91.9   2.3  14.0  45.3  69.8 100.0  86   1urk2                      
  50.0  28.0  22.0  34.7  26.5  10.2   2.0  18.0  40.0  68.0 100.0   8.0  26.0  60.0  72.0  88.0  10.0  14.0  46.0  62.0  98.0  50   3sgbi                      
  51.8  33.9  14.3  29.1   7.3  14.5   1.8  17.9  42.9  62.5 100.0   7.1  23.2  58.9  73.2  91.1   8.9  32.1  55.4  76.8  92.9  56   1tgsi                      
  56.9  19.6  23.5  30.0  28.0   6.0   2.0  17.6  47.1  70.6  98.0   3.9   9.8  45.1  52.9  86.3  19.6  29.4  60.8  84.3 100.0  51   4sgbi                      
  56.6  20.8  20.8  25.0  28.8   7.7   5.7  22.6  50.9  69.8  98.1  20.8  28.3  45.3  75.5 100.0   3.8  13.2  30.2  67.9  90.6  53   1pspa1                     
  49.1  28.3  22.6  32.7  25.0   7.7   3.8  30.2  49.1  66.0  96.2   1.9   7.5  26.4  67.9  92.5  13.2  24.5  60.4  83.0 100.0  53   1pspa2                     
  34.9  40.7  24.4  23.5  18.8  16.5   1.2  19.8  40.7  81.4 100.0   4.7  24.4  47.7  67.4  97.7   3.5  20.9  50.0  72.1  93.0  86   1pdga                      
  42.9  33.0  24.1  29.7  18.9  18.9   0.9  25.9  49.1  69.6 100.0   1.8  25.0  57.1  76.8  94.6   5.4  21.4  33.0  58.0  98.2  112   2tgi                      
  43.9  30.8  25.2  29.2  19.8  16.0   0.9  17.8  53.3  74.8 100.0   1.9  25.2  34.6  63.6  96.3   2.8  37.4  56.1  73.8  99.1  107   1bet                      
  47.1  28.2  24.7  20.2  27.4  11.9   2.4  22.4  42.4  70.6  97.6   1.2  12.9  51.8  67.1  87.1  15.3  36.5  50.6  78.8 100.0  85   1hcna                      
  50.0  32.7  17.3  38.5  19.3   9.2   2.7  27.3  54.5  81.8 100.0   1.8  21.8  43.6  61.8  97.3   0.9   8.2  52.7  66.4  95.5  110   1hcnb                     
  46.2  43.1  10.8  40.6   9.4  12.5   6.2  21.5  47.7  67.7  92.3   1.5  23.1  46.2  80.0 100.0   4.6   4.6  55.4  78.5  96.9  65   1hrti                      
  56.4  25.6  17.9  36.8  23.7   7.9   2.6  23.1  56.4  76.9  97.4  10.3  15.4  33.3  46.2 100.0   7.7   7.7  48.7  74.4  94.9  39   1dec                       
  52.5  21.2  26.3  20.5  31.6   6.0   0.8  19.5  47.5  76.3  99.2   7.6  27.1  44.1  70.3 100.0   6.8  25.4  50.8  75.4  97.5  118   2cy3                      
  49.5  15.9  34.6  10.4  36.8  12.3   0.9  25.2  49.5  76.6 100.0   8.4  17.8  35.5  50.5  90.7   2.8  24.3  53.3  67.3  99.1  107   2cdv                      
  56.5  21.0  22.6  14.8  16.4  14.8   1.6  25.8  51.6  71.0  91.9   4.8  21.0  46.8  75.8  96.8   9.7  12.9  32.3  66.1 100.0  62   1isua                      
  54.1  28.2  17.6  25.0  15.5  13.1   1.2  16.5  44.7  67.1 100.0   5.9  23.5  47.1  76.5  96.5  21.2  29.4  56.5  77.6  97.6  85   1hip                       
  49.3  28.2  22.5  24.3  34.3   5.7   2.8  23.9  49.3  73.2 100.0   1.4  21.1  45.1  77.5  93.0   4.2  16.9  50.7  70.4  94.4  71   2hipa                      
  29.7  24.3  45.9  16.7  33.3  27.8   5.4  13.5  37.8  59.5  83.8  10.8  16.2  45.9  62.2  97.3   2.7  24.3  48.6  73.0 100.0  37   2drpa1                     
  36.7  30.0  33.3  20.7  34.5  17.2   6.7  13.3  26.7  53.3  93.3  23.3  30.0  60.0  76.7 100.0   3.3  10.0  46.7  66.7  86.7  30   1paa                       
  36.7  10.0  53.3  10.3  58.6   3.4   6.7  16.7  36.7  63.3  93.3  30.0  30.0  56.7  60.0  60.0   3.3  23.3  50.0  76.7 100.0  30   4znf                       
  36.7  23.3  40.0  13.8  34.5  27.6   6.7  16.7  43.3  53.3  90.0  13.3  13.3  30.0  60.0  96.7   3.3  23.3  63.3  83.3 100.0  30   5znf                       
  45.0  26.7  28.3  28.8  13.6  15.3   5.0  16.7  36.7  53.3 100.0  10.0  28.3  61.7  73.3  96.7   1.7  31.7  58.3  76.7  95.0  60   1gata                      
  42.3  29.6  28.2  24.3  14.3  15.7   1.4  14.1  39.4  64.8  98.6   2.8  22.5  47.9  67.6  97.2  16.9  35.2  56.3  80.3 100.0  71   1rgd                       
  48.0  24.0  28.0  24.5  26.5   8.2   4.0  16.0  42.0  66.0 100.0  12.0  38.0  52.0  78.0  90.0   2.0  28.0  44.0  74.0  98.0  50   1tfi                       
  40.4  38.5  21.2  35.3  19.6  15.7   9.6  23.1  42.3  59.6  98.1   1.9  13.5  40.4  82.7 100.0   3.8  32.7  55.8  75.0  88.5  52   2atcb2                     
  58.8  21.6  19.6  30.0  16.0  14.0   9.8  29.4  52.9  74.5 100.0   7.8  13.7  41.2  72.5  96.1   2.0   3.9  23.5  56.9  94.1  51   8rxna                      
  76.7   6.7  16.7  10.3  24.1   3.4   6.7  23.3  43.3  63.3  96.7  13.3  13.3  76.7  76.7  76.7   3.3   3.3  66.7  73.3 100.0  30   2mhu                       
  80.6   6.5  12.9  13.3  23.3   0.0   6.5  22.6  45.2  74.2 100.0  51.6  51.6  61.3  61.3  61.3   3.2   3.2  41.9  67.7  83.9  31   1mrb                       
  71.0   9.7  19.4   6.7  30.0   6.7   3.2  22.6  45.2  74.2  96.8  12.9  12.9  51.6  54.8  54.8  16.1  16.1  48.4  64.5 100.0  31   1dmc                       
  41.7  16.7  41.7  14.3  37.1  14.3   5.6  19.4  36.1  58.3  91.7  38.9  38.9  77.8  86.1  97.2   2.8  11.1  47.2  66.7 100.0  36   2bpa3                      
  52.5  25.0  22.5  23.1  17.9  12.8  15.0  25.0  40.0  62.5  95.0   2.5   5.0  65.0  77.5 100.0   7.5  10.0  47.5  60.0  85.0  40   4rhv4                      
  41.8  31.3  26.9  34.8  22.7  16.7   1.5  23.9  50.7  71.6 100.0   3.0  17.9  40.3  68.7  98.5   9.0  28.4  55.2  76.1  97.0  67   1bhb                       
  33.3  44.9  21.7  27.9  17.6  16.2   4.3  23.2  47.8  75.4 100.0   5.8  24.6  52.2  69.6  97.1   1.4  13.0  33.3  78.3  98.6  69   1bct                       