69.8,0.0,30.2,0.0,8.1,0.0,8.7,25.5,54.4,78.5,98.7,0.0,0.0,0.0,0.0,0.0,0.7,7.4,36.2,73.2,100.0,149,2lhb
75.7,0.0,24.3,0.0,9.1,0.0,0.7,21.5,54.2,77.8,99.3,0.0,0.0,0.0,0.0,0.0,5.6,31.2,37.5,57.6,100.0,144,3sdha
72.5,0.0,27.5,0.0,8.5,0.0,2.8,19.7,50.0,73.9,97.2,0.0,0.0,0.0,0.0,0.0,0.7,33.1,40.1,82.4,100.0,142,1flp
74.8,0.0,25.2,0.0,9.6,0.0,2.7,23.8,48.3,76.9,99.3,0.0,0.0,0.0,0.0,0.0,0.7,25.9,50.3,67.3,100.0,147,2hbg
72.1,0.0,27.9,0.0,10.5,0.0,4.5,24.7,46.1,72.1,98.1,0.0,0.0,0.0,0.0,0.0,0.6,16.9,54.5,79.2,100.0,154,2mge
75.0,0.0,25.0,0.0,11.9,0.0,2.2,23.5,50.7,75.0,98.5,0.0,0.0,0.0,0.0,0.0,0.7,27.2,37.5,67.6,100.0,136,1eca
71.2,0.0,28.8,0.0,7.9,0.0,3.3,20.9,52.3,77.8,99.3,0.0,0.0,0.0,0.0,0.0,0.7,27.5,34.6,66.0,100.0,153,2gdm
22.6,9.6,67.8,0.7,3.4,3.4,4.1,8.9,74.0,91.8,97.9,45.9,47.3,59.6,76.0,78.8,0.7,23.3,40.4,62.3,100.0,146,1babb
71.6,0.0,28.4,0.0,8.6,0.0,2.8,22.0,55.3,78.0,98.6,0.0,0.0,0.0,0.0,0.0,0.7,28.4,35.5,56.7,100.0,141,1itha
72.8,0.0,27.2,0.0,9.6,0.0,1.4,24.5,53.7,78.2,99.3,0.0,0.0,0.0,0.0,0.0,0.7,13.6,32.0,68.0,100.0,147,1ash
70.1,0.0,29.9,0.0,10.3,0.0,8.9,26.8,51.6,73.9,95.5,0.0,0.0,0.0,0.0,0.0,0.6,7.0,37.6,82.8,100.0,157,1hlb
77.2,0.0,22.8,0.0,8.7,0.0,2.5,24.7,53.1,75.3,99.4,0.0,0.0,0.0,0.0,0.0,0.6,12.3,43.8,69.1,100.0,162,1cpca
76.7,0.0,23.3,0.0,9.4,0.0,2.3,23.8,51.2,75.0,99.4,0.0,0.0,0.0,0.0,0.0,0.6,36.6,42.4,71.5,100.0,172,1cpcb
73.1,10.3,16.7,2.6,2.6,2.6,9.0,25.6,43.6,70.5,89.7,3.8,5.1,7.7,92.3,94.9,1.3,48.7,52.6,56.4,100.0,78,1grj1
77.3,0.0,22.7,0.0,7.3,0.0,3.6,27.3,46.4,70.0,90.0,0.0,0.0,0.0,0.0,0.0,0.9,20.9,54.5,93.6,100.0,110,1srya1
25.6,3.7,70.7,0.0,4.9,2.5,25.6,30.5,82.9,89.0,96.3,67.1,67.1,68.3,69.5,69.5,1.2,17.1,43.9,61.0,100.0,82,1isca1
18.0,4.5,77.5,0.0,3.6,1.8,12.6,16.2,88.3,92.8,97.3,57.7,57.7,58.6,59.5,61.3,0.9,26.1,45.9,69.4,100.0,111,1ccr
25.0,14.5,60.5,0.0,4.9,6.5,5.6,50.0,84.7,91.1,97.6,13.7,16.1,35.5,62.1,71.0,0.8,24.2,42.7,64.5,100.0,124,1cxa
48.8,0.0,51.2,0.0,9.9,0.0,3.7,34.1,52.4,85.4,97.6,0.0,0.0,0.0,0.0,0.0,1.2,22.0,45.1,70.7,100.0,82,2pac
35.4,0.0,64.6,0.0,6.8,0.0,17.7,32.7,60.5,78.9,95.9,0.0,0.0,0.0,0.0,0.0,0.7,15.6,46.9,70.1,100.0,147,2mtac
55.7,0.0,44.3,0.0,12.8,0.0,3.8,44.3,58.2,84.8,98.7,0.0,0.0,0.0,0.0,0.0,1.3,22.8,34.2,60.8,100.0,79,1c53
33.8,5.0,61.2,0.0,7.6,2.5,5.0,62.5,71.2,87.5,96.2,46.2,46.2,47.5,48.8,50.0,1.2,21.2,36.2,56.2,100.0,80,1fcdc1
50.0,0.0,50.0,0.0,8.6,0.0,4.3,52.1,67.0,79.8,96.8,0.0,0.0,0.0,0.0,0.0,1.1,20.2,33.0,45.7,100.0,94,1fcdc2
74.1,0.0,25.9,0.0,11.3,0.0,9.3,25.9,50.0,75.9,94.4,0.0,0.0,0.0,0.0,0.0,1.9,5.6,40.7,70.4,100.0,54,1enh
55.8,0.0,44.2,0.0,7.9,0.0,6.5,18.2,37.7,51.9,96.1,0.0,0.0,0.0,0.0,0.0,1.3,29.9,63.6,74.0,100.0,77,1lfb
49.2,0.0,50.8,0.0,10.3,0.0,16.9,27.1,49.2,61.0,94.9,0.0,0.0,0.0,0.0,0.0,1.7,11.9,45.8,72.9,100.0,59,1aplc
59.0,0.0,41.0,0.0,10.0,0.0,18.0,31.1,54.1,75.4,90.2,0.0,0.0,0.0,0.0,0.0,1.6,9.8,39.3,65.6,100.0,61,1hdp
52.0,0.0,48.0,0.0,12.2,0.0,14.0,24.0,44.0,56.0,78.0,0.0,0.0,0.0,0.0,0.0,2.0,12.0,62.0,88.0,100.0,50,1hcra
30.2,0.0,69.8,0.0,4.8,0.0,9.3,14.0,20.9,27.9,37.2,0.0,0.0,0.0,0.0,0.0,2.3,46.5,65.1,81.4,100.0,43,1ret
54.5,0.0,45.5,0.0,11.1,0.0,16.4,27.3,49.1,70.9,85.5,0.0,0.0,0.0,0.0,0.0,1.8,10.9,47.3,87.3,100.0,55,1msec1
60.0,0.0,40.0,0.0,12.2,0.0,12.0,24.0,46.0,70.0,86.0,0.0,0.0,0.0,0.0,0.0,2.0,10.0,62.0,90.0,100.0,50,1msec2
52.8,8.3,38.9,0.0,8.5,5.6,8.3,19.4,41.7,59.7,73.6,77.8,77.8,80.6,91.7,94.4,1.4,31.9,52.8,86.1,100.0,72,1leb
44.1,8.8,47.1,0.0,9.0,6.0,2.9,11.8,51.5,66.2,77.9,38.2,38.2,41.2,95.6,98.5,1.5,27.9,44.1,83.8,100.0,68,3gapb2
54.1,0.0,45.9,0.0,8.2,0.0,6.8,18.9,39.2,60.8,74.3,0.0,0.0,0.0,0.0,0.0,1.4,29.7,77.0,87.8,100.0,74,1hsta
34.0,13.2,52.8,1.0,4.8,4.8,3.8,11.3,38.7,52.8,61.3,21.7,23.6,32.1,64.2,67.9,0.9,30.2,73.6,86.8,100.0,106,1hks
27.0,0.0,73.0,0.0,5.6,0.0,8.1,10.8,18.9,24.3,32.4,0.0,0.0,0.0,0.0,0.0,2.7,43.2,62.2,81.1,100.0,37,1bbl
37.2,20.9,41.9,2.4,7.1,7.1,11.6,18.6,27.9,81.4,90.7,41.9,44.2,48.8,67.4,74.4,2.3,9.3,53.5,62.8,100.0,43,2pde
40.0,7.5,52.5,0.0,5.1,5.1,10.0,17.5,27.5,37.5,47.5,72.5,72.5,75.0,77.5,77.5,2.5,52.5,65.0,85.0,100.0,40,1erl
27.5,10.0,62.5,0.0,5.1,5.1,10.0,12.5,20.0,27.5,35.0,67.5,67.5,70.0,72.5,75.0,2.5,42.5,57.5,82.5,100.0,40,1erd
21.1,0.0,78.9,0.0,5.4,0.0,10.5,13.2,18.4,23.7,28.9,0.0,0.0,0.0,0.0,0.0,2.6,39.5,60.5,78.9,100.0,38,1erp
85.4,0.0,14.6,0.0,8.4,0.0,1.4,24.3,51.4,75.7,97.9,0.0,0.0,0.0,0.0,0.0,0.7,21.5,43.1,72.9,100.0,144,1lpe
74.0,0.0,26.0,0.0,8.3,0.0,5.5,23.3,45.2,69.2,94.5,0.0,0.0,0.0,0.0,0.0,0.7,32.2,53.4,81.5,100.0,146,1was
79.2,0.0,20.8,0.0,7.6,0.0,2.8,24.5,57.5,79.2,99.1,0.0,0.0,0.0,0.0,0.0,0.9,20.8,44.3,49.1,100.0,106,256ba
70.1,0.0,29.9,0.0,6.3,0.0,3.1,19.7,61.4,78.7,97.6,0.0,0.0,0.0,0.0,0.0,0.8,28.3,48.0,55.1,100.0,127,2ccya
65.5,0.0,34.5,0.0,7.1,0.0,19.5,37.2,54.0,72.6,92.9,0.0,0.0,0.0,0.0,0.0,0.9,8.0,16.8,77.9,100.0,113,2hmza
21.4,22.1,56.5,0.0,3.9,9.2,22.1,26.6,31.8,68.2,74.0,5.8,15.6,44.8,63.0,87.0,0.6,20.1,50.6,82.5,100.0,154,2tmvp
66.9,3.2,29.9,0.0,6.5,1.3,13.6,29.2,48.1,77.9,98.1,68.8,68.8,69.5,70.1,71.4,0.6,7.1,35.1,74.0,100.0,154,3mdda1
63.3,0.0,36.7,0.0,10.2,0.0,4.4,20.3,52.5,76.6,98.1,0.0,0.0,0.0,0.0,0.0,0.6,25.3,48.7,70.3,100.0,158,1bcfa
60.5,5.8,33.7,0.0,10.5,2.3,2.3,27.3,57.0,78.5,98.3,18.0,18.6,20.3,44.2,45.9,0.6,24.4,50.0,72.7,100.0,172,1fha
67.6,2.9,29.4,0.0,6.5,1.2,10.0,31.5,50.0,72.6,93.8,50.9,51.2,52.1,53.2,54.1,0.3,7.4,29.7,87.1,100.0,340,1riba
60.2,0.0,39.8,0.0,6.8,0.0,2.3,38.5,57.0,76.8,99.2,0.0,0.0,0.0,0.0,0.0,0.3,14.1,24.0,68.0,100.0,384,1mmob
57.2,2.0,40.8,0.0,7.8,0.8,2.1,25.0,44.5,63.3,97.7,82.6,82.8,83.4,84.2,84.8,0.2,16.0,61.5,82.0,100.0,512,1mmod
69.2,0.0,30.8,0.0,11.4,0.0,2.5,20.8,50.9,73.0,98.1,0.0,0.0,0.0,0.0,0.0,0.6,24.5,35.2,74.2,100.0,159,1bgeb
65.7,0.0,34.3,0.0,5.8,0.0,8.1,27.9,52.9,71.5,98.8,0.0,0.0,0.0,0.0,0.0,0.6,23.8,35.5,77.3,100.0,172,1lki
48.8,1.2,50.0,0.6,6.7,0.6,3.6,15.1,46.4,70.5,94.6,92.2,92.2,92.8,92.8,92.8,0.6,29.5,56.0,77.1,100.0,166,1huw
48.7,8.4,42.9,0.8,7.6,2.5,7.6,18.5,48.7,68.1,93.3,29.4,30.3,32.8,79.8,82.4,0.8,23.5,52.1,73.9,100.0,119,1gmfa
57.4,0.0,42.6,0.0,7.8,0.0,3.9,34.9,58.1,72.1,96.9,0.0,0.0,0.0,0.0,0.0,0.8,20.2,31.0,75.2,100.0,129,1rcb
48.3,9.1,42.7,1.4,5.6,2.8,9.1,20.3,42.7,67.1,83.9,21.0,22.4,50.3,52.4,93.0,0.7,25.9,62.2,86.0,100.0,143,1hmcb
76.2,0.0,23.8,0.0,8.0,0.0,6.0,29.8,52.3,78.8,98.7,0.0,0.0,0.0,0.0,0.0,0.7,21.2,32.5,68.2,100.0,151,1ilk
75.5,7.5,17.0,1.9,4.4,1.9,2.5,27.0,58.5,77.4,98.1,17.0,18.2,39.6,48.4,50.3,0.6,15.7,42.8,47.2,100.0,159,1ifa
61.3,2.5,36.1,0.8,9.3,0.8,3.4,28.6,48.7,76.5,97.5,54.6,54.6,55.5,56.3,56.3,0.8,18.5,35.3,72.3,100.0,119,1rfba
71.8,0.0,28.2,0.0,11.4,0.0,2.8,18.3,43.7,78.9,97.2,0.0,0.0,0.0,0.0,0.0,1.4,32.4,53.5,71.8,100.0,71,1pou
66.7,0.0,33.3,0.0,11.6,0.0,4.6,19.5,47.1,70.1,96.6,0.0,0.0,0.0,0.0,0.0,1.1,28.7,56.3,77.0,100.0,87,1lmb3
63.1,0.0,36.9,0.0,9.4,0.0,6.2,20.0,35.4,58.5,83.1,0.0,0.0,0.0,0.0,0.0,1.5,43.1,66.2,90.8,100.0,65,2cro
60.5,0.0,39.5,0.0,13.3,0.0,7.9,21.1,44.7,67.1,86.8,0.0,0.0,0.0,0.0,0.0,1.3,25.0,57.9,89.5,100.0,76,1adr
39.4,24.2,36.4,1.5,7.7,7.7,10.6,18.2,30.3,43.9,54.5,4.5,9.1,65.2,75.8,81.8,1.5,39.4,72.7,90.9,100.0,66,1croa
53.9,0.0,46.1,0.0,13.3,0.0,7.9,19.7,44.7,71.1,97.4,0.0,0.0,0.0,0.0,0.0,1.3,25.0,50.0,73.7,100.0,76,4icb
43.1,8.3,48.6,0.0,7.4,3.7,3.7,12.8,29.4,69.7,80.7,59.6,60.6,88.1,89.9,92.7,0.9,33.9,53.2,81.7,100.0,109,1rtp1
61.8,5.9,32.4,3.0,9.1,3.0,11.8,23.5,38.2,79.4,97.1,61.8,61.8,64.7,64.7,64.7,2.9,5.9,44.1,52.9,100.0,34,1ctaa
62.2,6.5,31.4,2.2,9.2,2.2,0.5,22.7,43.2,75.7,98.4,18.9,20.0,37.3,56.8,83.8,5.4,27.6,55.1,71.4,100.0,185,1rec
61.5,3.4,35.1,1.2,7.5,1.2,0.6,20.1,44.3,67.8,91.4,63.2,63.2,64.4,82.8,83.9,9.2,35.6,59.8,81.6,100.0,174,2scpa
59.5,3.2,37.3,1.1,7.6,1.1,2.2,21.1,43.8,68.1,91.9,13.5,13.5,14.6,41.1,42.2,0.5,38.9,64.3,83.2,100.0,185,2sas
38.9,6.7,54.4,0.0,6.8,4.1,2.7,52.3,69.1,83.9,98.0,16.8,17.4,30.9,32.2,43.0,0.7,24.8,40.3,64.4,100.0,149,2scmc
57.5,0.0,42.5,0.0,10.3,0.0,25.0,35.0,50.0,77.5,92.5,0.0,0.0,0.0,0.0,0.0,2.5,10.0,20.0,65.0,100.0,40,1mylb
39.4,0.0,60.6,0.0,5.8,0.0,28.8,37.5,52.9,62.5,91.3,0.0,0.0,0.0,0.0,0.0,1.0,14.4,46.2,75.0,100.0,104,1cmca
62.4,0.0,37.6,0.0,9.1,0.0,4.5,18.8,37.6,62.4,85.7,0.0,0.0,0.0,0.0,0.0,0.8,45.1,66.9,90.2,100.0,133,2gsta2
60.8,5.4,33.8,0.8,11.6,2.3,3.1,20.0,42.3,75.4,93.1,29.2,29.2,30.8,48.5,50.0,0.8,33.1,53.1,82.3,100.0,130,1gsra2
70.1,0.0,29.9,0.0,7.9,0.0,4.7,21.3,41.7,70.1,95.3,0.0,0.0,0.0,0.0,0.0,0.8,27.6,55.9,75.6,100.0,127,1gsq2
42.2,0.0,57.8,0.0,6.7,0.0,5.6,14.4,36.7,52.2,63.3,0.0,0.0,0.0,0.0,0.0,1.1,30.0,71.1,85.6,100.0,90,1lpt
35.5,0.0,64.5,0.0,6.7,0.0,14.0,21.5,36.4,50.4,76.9,0.0,0.0,0.0,0.0,0.0,0.8,25.6,61.2,83.5,100.0,121,1bip
55.9,0.0,44.1,0.0,6.9,0.0,2.8,15.9,58.6,80.0,96.6,0.0,0.0,0.0,0.0,0.0,0.7,26.9,37.9,60.7,100.0,145,1ezm2
49.7,5.0,45.3,0.6,5.6,1.9,2.5,14.3,67.1,83.2,98.1,57.1,57.8,59.0,61.5,62.7,0.6,24.8,36.0,47.2,100.0,161,8tlne2
46.7,3.4,49.8,0.0,9.0,1.4,4.5,16.5,38.1,79.4,92.1,71.5,71.8,72.9,75.3,76.3,0.3,27.1,49.8,73.2,100.0,291,7ccp
37.9,2.9,59.2,0.3,6.7,0.9,5.5,20.7,33.2,60.6,79.9,65.3,65.6,66.5,67.6,68.5,0.3,35.0,55.7,85.1,100.0,343,1lgaa
27.2,3.9,68.9,1.0,4.9,1.0,23.3,29.1,61.2,79.6,86.4,65.0,65.0,66.0,67.0,68.0,1.0,16.5,40.8,71.8,100.0,103,1mypa
33.5,14.5,51.9,0.7,5.4,6.3,10.6,30.5,57.8,74.2,90.7,10.0,38.1,54.3,86.8,99.4,0.2,20.6,44.8,72.5,100.0,462,1mypc
45.7,10.4,44.0,0.7,6.7,5.2,7.2,30.1,46.7,61.7,90.9,10.9,34.3,74.3,92.3,98.0,0.2,16.8,51.1,80.7,100.0,405,2cp4
48.4,11.4,40.3,0.4,6.1,4.4,5.5,27.4,46.0,61.7,91.9,8.5,14.7,75.5,94.5,98.5,0.2,20.1,52.7,81.8,100.0,457,2hpda
50.0,11.7,38.3,0.0,7.3,5.4,2.2,28.2,47.1,62.9,91.7,9.7,36.7,76.7,95.1,99.8,0.2,19.4,52.7,81.8,100.0,412,1cpt
29.1,15.7,55.2,0.0,4.5,7.5,18.7,24.6,50.0,59.7,67.2,33.6,38.1,72.4,77.6,97.0,0.7,13.4,41.0,81.3,100.0,134,1poc
12.7,0.0,87.3,0.0,3.4,0.0,71.2,72.9,76.3,82.2,85.6,0.0,0.0,0.0,0.0,0.0,0.8,21.2,43.2,65.3,100.0,118,1poa
43.0,6.6,50.4,0.0,6.7,3.3,1.7,14.0,38.0,71.1,81.8,54.5,55.4,57.0,60.3,62.0,0.8,27.3,51.2,86.8,100.0,121,1ppa
74.2,0.0,25.8,0.0,13.3,0.0,12.9,25.8,45.2,71.0,90.3,0.0,0.0,0.0,0.0,0.0,3.2,6.5,48.4,93.5,100.0,31,2ztaa
54.3,0.0,45.7,0.0,8.9,0.0,10.9,21.7,65.2,78.3,93.5,0.0,0.0,0.0,0.0,0.0,2.2,30.4,41.3,52.2,100.0,46,1pfia
85.0,0.0,15.0,0.0,6.8,0.0,6.7,25.0,46.7,68.3,93.3,0.0,0.0,0.0,0.0,0.0,1.7,3.3,80.0,95.0,100.0,60,1scma
4.7,21.1,74.2,0.0,0.9,7.5,36.6,37.1,38.5,39.4,40.8,8.0,21.1,43.7,62.0,84.0,0.5,25.8,55.9,79.8,100.0,213,6fabl
18.9,28.2,52.9,0.5,4.4,10.2,26.2,33.0,47.6,60.2,97.1,1.9,13.1,41.3,68.9,91.3,0.5,24.8,51.5,77.2,100.0,206,1fc2d
0.0,44.4,55.6,0.0,0.0,14.7,0.0,0.0,0.0,0.0,0.0,1.1,21.9,52.2,80.9,97.8,0.6,27.0,42.7,73.6,100.0,178,3cd4
24.9,19.2,55.9,0.0,4.5,8.0,12.4,18.1,75.7,82.5,98.3,24.9,31.6,52.0,59.3,68.4,0.6,22.0,41.2,69.5,100.0,177,1cid
26.3,12.8,60.9,0.0,4.5,5.6,21.2,26.8,52.5,78.2,88.8,32.4,36.9,44.1,62.0,67.0,0.6,15.1,47.5,76.0,100.0,179,1hnf
11.9,26.7,61.4,0.0,4.0,10.0,60.4,62.4,65.3,93.1,96.0,7.9,23.8,38.6,52.5,85.1,1.0,18.8,44.6,75.2,100.0,101,1dlha2
9.2,32.7,58.2,0.0,2.1,12.4,63.3,64.3,66.3,68.4,71.4,6.1,23.5,37.8,79.6,95.9,1.0,19.4,48.0,74.5,100.0,98,1dlhb
2.2,37.4,60.4,1.1,1.1,12.2,16.5,16.5,17.6,17.6,17.6,18.7,33.0,50.5,70.3,86.8,1.1,14.3,49.5,76.9,100.0,91,1vaaa2
0.0,27.3,72.7,0.0,0.0,10.2,0.0,0.0,0.0,0.0,0.0,9.1,25.3,38.4,66.7,83.8,1.0,22.2,51.5,75.8,100.0,99,1vaab
11.4,18.4,70.2,0.9,2.7,8.0,14.0,15.8,18.4,42.1,45.6,21.1,29.8,67.5,80.7,97.4,0.9,28.1,53.5,76.3,100.0,114,1cd8
12.6,19.4,68.0,1.0,2.9,6.9,15.5,17.5,90.3,93.2,97.1,12.6,40.8,54.4,66.0,70.9,1.0,24.3,45.6,74.8,100.0,103,1tlk
0.0,49.5,50.5,0.0,0.0,15.6,0.0,0.0,0.0,0.0,0.0,9.9,33.0,61.5,82.4,97.8,1.1,15.4,41.8,58.2,100.0,91,1tnn
0.0,50.0,50.0,0.0,0.0,15.8,0.0,0.0,0.0,0.0,0.0,8.8,30.4,52.0,77.5,98.0,1.0,15.7,46.1,73.5,100.0,102,1gof1
0.0,62.4,37.6,0.0,0.0,19.0,0.0,0.0,0.0,0.0,0.0,4.7,27.1,56.5,80.0,98.8,1.2,16.5,35.3,60.0,100.0,85,1cgt1
2.2,38.6,59.2,0.0,0.9,7.9,39.5,39.5,39.9,40.4,41.2,5.3,19.3,32.5,50.9,99.6,0.4,36.0,61.0,80.7,100.0,228,1oxy1
0.0,47.0,53.0,0.0,0.0,13.1,0.0,0.0,0.0,0.0,0.0,20.0,46.0,62.0,85.0,100.0,1.0,13.0,29.0,52.0,92.0,100,1clc1
0.0,64.2,35.8,0.0,0.0,18.5,0.0,0.0,0.0,0.0,0.0,4.6,35.8,58.7,80.7,99.1,0.9,15.6,27.5,55.0,100.0,109,1ctn1
0.0,42.6,57.4,0.0,0.0,14.0,0.0,0.0,0.0,0.0,0.0,7.9,35.6,62.4,87.1,98.0,1.0,16.8,42.6,63.4,100.0,101,1ncia
0.0,64.3,35.7,0.0,0.0,16.2,0.0,0.0,0.0,0.0,0.0,2.7,29.5,47.3,73.2,97.3,0.9,13.4,52.7,79.5,100.0,112,2mcm
0.0,26.7,73.3,0.0,0.0,9.4,0.0,0.0,0.0,0.0,0.0,2.7,12.0,31.3,77.3,98.0,0.7,28.7,50.0,72.0,100.0,150,1xsoa
0.0,56.0,44.0,0.0,0.0,15.6,0.0,0.0,0.0,0.0,0.0,4.4,26.4,48.4,73.6,96.7,1.1,23.1,51.6,79.1,100.0,91,1fna
0.0,59.6,40.4,0.0,0.0,15.9,0.0,0.0,0.0,0.0,0.0,5.6,24.7,55.1,80.9,98.9,1.1,16.9,43.8,60.7,100.0,89,1ten
0.0,63.0,37.0,0.0,0.0,14.1,0.0,0.0,0.0,0.0,0.0,10.0,35.0,57.0,81.0,99.0,1.0,9.0,32.0,60.0,100.0,100,1cfb1
6.7,16.7,76.7,0.0,2.2,9.0,40.0,40.0,42.2,43.3,45.6,14.4,16.7,35.6,71.1,90.0,1.1,23.3,52.2,75.6,100.0,90,3hhr1
18.9,14.2,67.0,1.0,2.9,6.7,36.8,40.6,45.3,71.7,76.4,22.6,24.5,78.3,91.5,96.2,0.9,16.0,50.9,67.9,100.0,106,3hhr2
18.4,16.3,65.3,0.0,2.1,6.2,57.1,60.2,65.3,69.4,74.5,4.1,7.1,30.6,34.7,51.0,1.0,22.4,45.9,83.7,100.0,98,2hft1
21.8,7.6,70.6,0.0,3.4,5.1,24.4,28.6,84.9,89.9,95.8,15.1,16.0,55.5,57.1,73.1,0.8,20.2,46.2,66.4,100.0,119,3dpa1
8.9,48.1,43.0,0.0,2.2,11.9,0.7,2.2,4.4,64.4,66.7,9.6,23.7,48.9,73.3,97.8,5.9,30.4,51.1,77.0,100.0,135,1rsy
6.1,32.3,61.6,0.0,2.0,8.2,35.4,35.4,37.4,38.4,40.4,7.1,23.2,64.6,79.8,87.9,1.0,20.2,49.5,73.7,100.0,99,1frub
3.3,33.6,63.1,0.0,0.9,13.1,48.1,48.1,49.1,50.0,50.9,1.9,22.4,43.9,76.6,92.1,0.5,26.2,52.8,74.8,100.0,214,8fabb
0.0,58.7,41.3,0.0,0.0,14.3,0.0,0.0,0.0,0.0,0.0,4.5,31.0,50.3,71.6,96.8,0.6,16.8,47.1,76.1,100.0,155,1ddt3
0.0,52.7,47.3,0.0,0.0,18.3,0.0,0.0,0.0,0.0,0.0,7.3,24.5,51.8,75.5,99.1,0.9,18.2,43.6,70.9,100.0,110,1exg
8.4,34.7,56.9,0.0,2.4,10.8,1.2,2.4,4.8,55.7,58.1,19.2,35.9,63.5,76.0,92.2,0.6,18.0,46.7,79.6,100.0,167,1ctm1
0.0,44.2,55.8,0.0,0.0,13.6,0.0,0.0,0.0,0.0,0.0,3.8,21.2,59.6,76.9,98.1,1.0,27.9,42.3,72.1,100.0,104,1cgt2
7.6,46.6,45.8,0.9,2.6,11.1,46.6,56.8,58.5,60.2,62.7,3.4,21.2,51.7,83.1,96.6,0.8,23.7,43.2,68.6,100.0,118,1etb1
5.0,32.0,63.0,0.0,2.0,8.0,8.5,9.0,10.5,75.0,76.5,23.5,35.0,54.5,70.5,92.0,0.5,18.0,43.0,78.0,100.0,200,2pcda
2.6,29.2,68.2,0.0,0.9,11.2,83.7,83.7,84.5,85.0,85.8,2.6,40.3,59.7,74.7,98.3,0.4,18.0,42.9,71.2,100.0,233,2pcdm
0.0,34.3,65.7,0.0,0.0,12.2,0.0,0.0,0.0,0.0,0.0,2.0,21.2,69.7,80.8,99.0,1.0,24.2,47.5,63.6,100.0,99,1plc
16.3,35.0,48.8,0.0,3.3,11.5,79.7,82.9,90.2,94.3,98.4,1.6,8.9,23.6,58.5,74.8,0.8,33.3,45.5,66.7,100.0,123,1pmy
0.0,37.1,62.9,0.0,0.0,11.5,0.0,0.0,0.0,0.0,0.0,21.0,40.0,75.2,87.6,99.0,1.0,15.2,38.1,60.0,100.0,105,1aaj
17.8,27.1,55.0,0.8,3.9,11.7,10.1,13.2,30.2,92.2,96.9,17.1,35.7,56.6,72.9,86.8,0.8,20.9,48.8,71.3,100.0,129,2azaa
7.0,25.6,67.4,0.0,2.4,11.8,90.7,90.7,93.0,94.2,96.5,20.9,25.6,55.8,66.3,80.2,1.2,16.3,45.3,70.9,100.0,86,1cbp
0.0,45.7,54.3,0.0,0.0,12.5,0.0,0.0,0.0,0.0,0.0,2.3,17.1,36.4,72.9,94.6,0.8,31.0,55.0,75.2,100.0,129,1aoza1
8.1,36.4,55.5,0.0,1.9,10.6,9.6,11.0,12.9,92.8,95.2,2.9,40.2,53.6,65.1,80.9,0.5,24.4,44.0,81.8,100.0,209,1aoza2
9.3,35.0,55.6,0.0,2.8,11.3,17.8,19.6,81.3,94.4,96.7,3.3,12.1,50.0,71.5,86.4,0.5,26.6,47.7,69.6,100.0,214,1aoza3
3.8,39.6,56.6,0.0,1.3,10.1,84.9,84.9,86.2,86.8,88.1,4.4,25.8,45.3,73.0,94.3,0.6,16.4,53.5,67.3,100.0,159,1nrd1
22.9,41.2,35.9,0.0,6.2,13.8,22.1,26.7,68.7,92.4,98.5,5.3,18.3,42.7,56.5,81.7,0.8,16.0,47.3,74.0,100.0,131,1htp
0.0,30.0,70.0,0.0,0.0,15.2,0.0,0.0,0.0,0.0,0.0,18.8,25.0,47.5,66.2,83.8,1.2,17.5,51.2,77.5,100.0,80,1lac
3.2,40.5,56.3,0.0,1.3,15.3,18.4,18.4,19.0,19.6,20.9,10.1,29.1,44.3,69.6,99.4,0.6,21.5,55.1,76.6,100.0,158,1gpr
17.9,44.6,37.5,0.0,3.6,18.0,2.7,6.2,10.7,15.2,20.5,22.3,34.8,53.6,78.6,96.4,0.9,47.3,67.0,75.9,100.0,112,1cgt4
4.9,26.5,68.6,0.0,2.0,11.9,57.8,57.8,58.8,59.8,61.8,5.9,21.6,34.3,67.6,89.2,1.0,24.5,52.0,78.4,100.0,102,6taa2
0.0,47.3,52.7,0.0,0.0,17.4,0.0,0.0,0.0,0.0,0.0,4.3,19.4,39.8,72.0,95.7,1.1,32.3,57.0,74.2,100.0,93,1ppi2
0.0,42.4,57.6,0.0,0.0,15.5,0.0,0.0,0.0,0.0,0.0,8.5,27.1,44.1,81.4,100.0,1.7,20.3,55.9,69.5,93.2,59,1amg2
21.4,28.6,50.0,1.8,1.8,12.7,7.1,10.7,16.1,21.4,26.8,28.6,42.9,50.0,80.4,94.6,1.8,39.3,60.7,73.2,100.0,56,1amy2
15.8,17.2,67.1,0.5,3.3,7.1,10.6,42.1,49.2,67.8,90.6,6.1,19.5,55.8,82.4,96.9,0.2,22.4,47.8,74.8,100.0,425,2bpa1
5.1,33.1,61.7,0.0,1.1,12.6,92.6,93.1,94.3,95.4,97.1,9.7,28.0,45.7,69.7,88.0,0.6,19.4,48.0,72.6,100.0,175,2bpa2
6.5,45.1,48.4,0.0,2.2,9.8,2.2,3.3,4.9,58.7,60.3,8.2,30.4,62.0,77.7,98.9,0.5,23.9,48.9,70.1,100.0,184,2stv
25.6,22.6,51.8,3.0,4.0,7.1,4.5,18.6,27.6,73.9,93.5,2.0,12.1,61.3,83.4,98.5,0.5,34.2,49.7,67.8,100.0,199,4sbva
13.0,25.4,61.6,0.0,3.5,9.9,31.7,37.7,46.8,54.6,98.9,14.1,27.5,68.3,82.4,93.3,0.4,16.2,43.0,70.1,100.0,284,2tbva
23.4,18.1,58.6,0.6,5.0,6.9,6.9,54.2,73.8,92.8,99.1,4.4,22.4,49.5,71.0,90.3,0.3,19.6,38.9,63.9,100.0,321,2bbvc
22.6,17.7,59.7,1.1,4.3,7.6,17.7,34.9,80.1,85.5,98.4,6.5,13.4,36.6,62.4,92.5,0.5,24.2,50.0,70.4,100.0,186,1bbt1
11.7,27.8,60.5,0.0,2.0,10.8,19.5,22.0,24.9,59.5,62.4,8.8,39.0,53.7,82.0,96.6,0.5,16.6,44.9,74.6,100.0,205,1bbt2
12.0,19.7,68.2,0.5,2.4,8.6,11.3,19.3,28.3,69.2,92.3,2.6,18.8,42.0,74.8,98.0,0.2,29.7,54.6,75.9,100.0,548,2cas
16.5,15.4,68.1,0.7,2.2,5.9,28.2,31.9,36.3,82.1,86.4,15.0,22.7,41.4,58.6,81.7,0.4,17.9,54.2,75.1,100.0,273,4rhv1
2.4,35.3,62.4,0.4,1.2,12.2,1.6,1.6,2.4,2.7,9.4,3.9,36.1,53.3,74.9,94.5,0.4,22.4,49.4,76.5,100.0,255,4rhv2
17.8,14.4,67.8,0.9,5.1,6.0,17.4,32.6,61.0,88.6,94.9,5.5,47.5,64.0,69.1,87.7,0.4,21.2,41.9,71.6,100.0,236,4rhv3
6.7,19.0,74.3,0.4,1.9,7.9,1.5,2.6,32.8,59.0,60.8,11.9,34.3,53.4,84.0,92.9,0.4,23.9,47.4,75.7,100.0,268,2mev1
14.1,24.1,61.8,1.2,2.0,10.1,1.6,17.3,20.9,37.8,47.4,10.0,39.4,52.6,74.7,98.8,0.4,25.3,58.6,79.9,100.0,249,2mev2
18.2,21.2,60.6,0.4,3.0,8.3,18.2,39.0,43.7,62.8,91.3,1.7,33.8,48.5,69.3,83.5,0.4,21.2,52.4,77.9,100.0,231,2mev3
56.5,0.0,43.5,0.0,8.9,0.0,19.6,30.4,65.2,78.3,93.5,0.0,0.0,0.0,0.0,0.0,2.2,10.9,43.5,54.3,100.0,46,1fod4
0.0,32.9,67.1,0.0,0.0,14.3,0.0,0.0,0.0,0.0,0.0,2.4,41.2,51.8,70.6,95.3,1.2,22.4,38.8,76.5,100.0,85,4gcr1
7.0,41.0,52.0,0.0,2.0,16.2,26.0,26.0,28.0,30.0,32.0,4.0,23.0,52.0,65.0,96.0,1.0,21.0,56.0,76.0,100.0,100,1prs1
30.6,20.2,49.2,2.4,5.7,7.3,11.3,21.0,47.6,68.5,77.4,3.2,50.0,62.1,81.5,92.7,0.8,29.0,41.1,73.4,100.0,124,2sblb1
8.0,44.6,47.3,0.0,1.8,12.6,89.3,90.2,92.0,93.8,96.4,3.6,15.2,28.6,56.2,83.9,0.9,37.5,54.5,72.3,100.0,112,1lpbb2
0.0,44.7,55.3,0.0,0.0,9.4,0.0,0.0,0.0,0.0,0.0,4.7,40.7,58.7,80.0,98.0,0.7,18.0,32.0,64.7,100.0,150,1gof3
0.0,53.5,46.5,0.0,0.0,14.7,0.0,0.0,0.0,0.0,0.0,6.9,32.6,54.2,78.5,100.0,0.7,17.4,38.9,68.1,92.4,144,1dlc3
0.6,33.0,66.5,0.0,1.1,10.3,19.3,19.3,19.3,19.3,19.3,7.4,34.7,64.8,83.0,98.3,0.6,19.9,47.7,67.6,100.0,176,1lena
0.0,34.1,65.9,0.0,0.0,12.2,0.0,0.0,0.0,0.0,0.0,9.3,36.0,53.3,68.7,86.4,0.5,22.0,45.3,79.0,100.0,214,2ayh
0.0,68.4,31.6,0.0,0.0,16.7,0.0,0.0,0.0,0.0,0.0,2.3,24.8,45.1,72.2,99.2,0.8,20.3,57.9,75.9,100.0,133,1slta
4.4,44.1,51.5,0.0,1.0,12.8,81.4,81.9,82.8,83.8,85.3,3.4,23.5,36.8,53.4,98.0,0.5,22.5,58.3,73.5,100.0,204,1saca
10.6,32.5,56.9,0.2,2.5,10.9,14.7,18.7,77.9,81.3,94.7,3.0,21.0,32.9,69.4,97.9,0.2,32.0,50.7,70.7,100.0,434,1cela
0.0,24.9,75.1,0.0,0.0,10.9,0.0,0.0,0.0,0.0,0.0,8.6,26.5,43.2,70.3,91.9,0.5,23.8,50.8,75.1,100.0,185,1xnb
38.3,10.6,51.1,0.0,4.3,4.3,57.4,63.8,74.5,83.0,93.6,38.3,38.3,40.4,42.6,46.8,2.1,12.8,25.5,48.9,100.0,47,1lobd
8.5,13.6,78.0,0.0,3.4,6.9,8.5,8.5,10.2,11.9,15.3,44.1,45.8,49.2,62.7,66.1,1.7,27.1,55.9,79.7,100.0,59,1shfa
0.0,47.4,52.6,0.0,0.0,17.9,0.0,0.0,0.0,0.0,0.0,5.3,43.9,64.9,80.7,98.2,1.8,19.3,33.3,57.9,100.0,57,1shg
7.9,40.8,51.3,1.3,1.3,9.3,40.8,40.8,43.4,44.7,47.4,1.3,9.2,69.7,85.5,100.0,10.5,21.1,50.0,63.2,92.1,76,1pkt
0.0,0.0,100.0,0.0,0.0,0.0,0.0,0.0,0.0,0.0,0.0,0.0,0.0,0.0,0.0,0.0,1.4,23.9,49.3,74.6,100.0,71,2hsp
0.0,24.1,75.9,0.0,0.0,10.5,0.0,0.0,0.0,0.0,0.0,8.6,12.1,48.3,53.4,87.9,1.7,24.1,55.2,74.1,100.0,58,1cska
10.3,13.8,75.9,0.0,3.5,7.0,6.9,6.9,10.3,12.1,15.5,32.8,34.5,44.8,48.3,51.7,1.7,29.3,62.1,81.0,100.0,58,1sema
0.0,37.7,62.3,0.0,0.0,14.7,0.0,0.0,0.0,0.0,0.0,8.7,29.0,52.2,81.2,97.1,1.4,21.7,47.8,72.5,100.0,69,1pse
9.7,48.4,41.9,0.0,3.3,16.4,87.1,87.1,90.3,91.9,95.2,3.2,19.4,37.1,51.6,72.6,1.6,25.8,59.7,79.0,100.0,62,1sso
25.2,44.7,30.1,0.0,3.9,9.8,4.9,9.7,63.1,68.9,75.7,14.6,24.3,37.9,81.6,98.1,1.0,12.6,49.5,76.7,100.0,103,1ltsd
18.8,49.3,31.9,0.0,2.9,17.6,49.3,52.2,56.5,60.9,66.7,4.3,14.5,34.8,73.9,98.6,1.4,24.6,47.8,81.2,100.0,69,1bova
28.2,14.5,57.3,0.0,3.7,5.5,13.6,19.1,48.2,55.5,62.7,27.3,30.0,36.4,66.4,70.0,0.9,25.5,70.9,85.5,100.0,110,1prtc2
31.8,8.2,60.0,0.0,5.5,3.7,26.4,32.7,60.9,69.1,92.7,3.6,4.5,6.4,10.9,13.6,0.9,22.7,50.0,76.4,100.0,110,1prtd
34.7,9.2,56.1,0.0,4.1,4.1,9.2,16.3,57.1,65.3,74.5,26.5,27.6,29.6,37.8,40.8,1.0,24.5,48.0,85.7,100.0,98,1prtf
27.2,31.6,41.2,0.0,4.4,10.4,36.8,42.6,71.3,88.2,95.6,2.2,8.8,19.9,51.5,78.7,0.7,30.9,55.1,76.5,100.0,136,1kab
11.8,51.6,36.6,0.0,2.2,14.1,4.3,5.4,8.6,11.8,15.1,18.3,30.1,64.5,77.4,100.0,1.1,39.8,54.8,63.4,98.9,93,1tssa1
39.4,14.6,46.0,1.5,4.4,5.9,29.2,38.7,48.9,73.7,92.0,8.8,11.7,22.6,77.4,94.9,0.7,14.6,55.5,69.3,100.0,137,1asza1
22.5,16.1,61.4,0.4,4.7,6.1,1.4,20.7,52.1,78.9,98.9,5.4,17.1,45.7,61.4,87.1,0.4,26.4,44.6,73.6,100.0,280,1pyp
16.6,34.9,48.6,0.6,1.7,9.8,73.1,76.6,80.6,93.7,98.3,4.6,17.7,40.6,54.3,89.7,0.6,21.1,42.3,66.3,100.0,175,1igp
0.0,34.3,65.7,0.0,0.0,12.1,0.0,0.0,0.0,0.0,0.0,10.4,26.9,40.3,68.7,77.6,1.5,20.9,56.7,83.6,100.0,67,1csp
0.0,32.9,67.1,0.0,0.0,11.9,0.0,0.0,0.0,0.0,0.0,2.4,35.3,51.8,70.6,98.8,1.2,21.2,45.9,77.6,100.0,85,1bgh
21.0,27.2,51.9,0.0,5.0,10.0,55.6,59.3,85.2,90.1,96.3,4.9,9.9,24.7,44.4,71.6,1.2,28.4,46.9,72.8,100.0,81,1rip
3.9,41.7,54.3,0.8,2.4,15.9,29.1,29.1,29.9,30.7,75.6,0.8,17.3,43.3,66.9,99.2,5.5,25.2,55.1,81.1,100.0,127,1bara
15.8,30.1,54.1,1.4,2.8,9.7,2.7,5.5,24.0,71.9,76.0,14.4,28.8,44.5,65.8,89.0,0.7,29.5,57.5,84.2,100.0,146,8i1b
0.0,52.1,47.9,0.0,0.0,16.3,0.0,0.0,0.0,0.0,0.0,2.8,25.4,43.7,71.1,100.0,0.7,23.9,57.0,78.2,96.5,142,1ilr1
28.3,25.5,46.2,0.0,4.2,9.7,2.8,9.0,17.2,24.1,32.4,38.6,46.2,56.6,77.9,90.3,0.7,44.8,63.4,85.5,100.0,145,2ila
21.4,32.9,45.7,1.4,4.3,12.9,30.7,35.0,66.4,82.1,97.1,3.6,28.6,47.9,68.6,90.7,0.7,13.6,41.4,72.1,100.0,140,1abrb1
0.0,29.9,70.1,0.0,0.0,12.7,0.0,0.0,0.0,0.0,0.0,4.7,28.3,52.0,66.1,89.0,0.8,23.6,48.8,78.0,100.0,127,1abrb2
0.0,44.0,56.0,0.0,0.0,14.5,0.0,0.0,0.0,0.0,0.0,8.4,33.1,57.2,77.1,98.8,0.6,21.1,41.6,65.7,100.0,166,1tie
0.0,53.4,46.6,0.0,0.0,20.5,0.0,0.0,0.0,0.0,0.0,1.7,19.5,46.6,70.3,98.3,0.8,24.6,55.1,77.1,100.0,118,1hce
5.9,38.2,55.9,0.0,1.5,11.9,83.1,83.8,85.3,86.8,88.2,14.7,29.4,55.9,75.0,97.8,0.7,14.0,45.6,63.2,100.0,136,1fnc1
17.5,25.4,57.0,0.9,2.7,9.7,3.5,7.0,11.4,15.8,61.4,16.7,27.2,37.7,76.3,90.4,0.9,40.4,63.2,79.8,100.0,114,2cnd1
7.8,46.6,45.6,0.0,2.0,10.8,79.6,80.6,82.5,84.5,86.4,8.7,19.4,45.6,69.9,100.0,1.0,29.1,40.8,64.1,90.3,103,2pia1
0.0,55.0,45.0,0.0,0.0,19.2,0.0,0.0,0.0,0.0,0.0,10.0,25.0,51.0,68.0,100.0,1.0,21.0,48.0,83.0,99.0,100,1eft2
31.4,19.8,48.8,0.0,5.0,6.7,22.3,28.9,62.0,69.4,97.5,12.4,16.5,38.0,50.4,81.0,0.8,11.6,43.8,82.6,100.0,121,1efg2
6.8,30.4,62.7,0.4,1.9,11.1,24.0,25.1,88.2,92.8,94.7,9.5,20.9,44.9,68.1,87.1,0.4,23.2,49.0,72.6,100.0,263,1arb
7.2,54.7,38.1,0.6,1.7,15.0,17.7,18.8,93.4,95.0,97.2,2.8,24.9,55.8,77.9,99.4,0.6,28.2,42.5,65.7,100.0,181,2sga
4.0,54.5,41.4,0.5,0.5,14.7,92.9,93.4,94.4,95.5,96.5,1.0,21.2,40.4,61.6,92.4,0.5,30.8,54.0,82.8,100.0,198,2alp
0.0,14.0,86.0,0.0,0.0,4.8,0.0,0.0,0.0,0.0,0.0,30.2,30.2,34.9,37.2,41.9,2.3,20.9,55.8,76.7,100.0,43,1epta
58.3,0.0,41.7,0.0,11.4,0.0,33.3,44.4,61.1,75.0,91.7,0.0,0.0,0.0,0.0,0.0,2.8,8.3,19.4,30.6,100.0,36,1ppbl
12.6,17.9,69.5,0.0,2.7,8.0,7.9,9.9,13.2,32.5,35.8,18.5,43.7,74.8,86.1,94.0,0.7,27.2,52.3,71.5,100.0,151,2snv
10.4,0.0,89.6,0.0,3.0,0.0,71.6,71.6,74.6,77.6,80.6,0.0,0.0,0.0,0.0,0.0,1.5,22.4,44.8,67.2,100.0,67,2hnte
10.5,25.0,64.5,0.0,2.6,7.9,47.4,49.3,93.4,96.1,98.7,25.7,42.1,59.2,75.7,89.5,0.7,15.8,36.8,65.1,100.0,152,2kaib
13.8,20.2,66.1,0.0,1.9,7.4,84.4,86.2,89.9,93.6,97.2,9.2,12.8,54.1,64.2,69.7,0.9,21.1,41.3,62.4,100.0,109,1bbre
7.1,46.5,46.5,0.0,2.0,14.3,87.9,87.9,89.9,91.9,93.9,10.1,22.2,55.6,69.7,85.9,1.0,17.2,36.4,67.7,100.0,99,2hpea
7.1,38.9,54.0,1.8,1.8,16.1,62.8,88.5,90.3,92.0,93.8,10.6,27.4,51.3,71.7,86.7,0.9,20.4,43.4,68.1,100.0,113,2rspb
7.9,47.9,44.2,0.0,2.4,14.6,34.5,43.6,69.4,71.2,94.2,0.9,26.1,51.2,75.8,99.7,0.3,18.5,46.1,74.8,100.0,330,2er7e
54.8,0.0,45.2,0.0,14.6,0.0,19.0,28.6,42.9,66.7,90.5,0.0,0.0,0.0,0.0,0.0,2.4,9.5,47.6,76.2,100.0,42,1htrp
8.4,46.8,44.8,0.3,2.0,13.8,38.7,42.0,68.1,70.0,93.0,0.8,23.8,54.6,74.2,97.8,0.3,18.8,45.7,76.2,100.0,357,1mpp
29.8,6.4,63.8,0.0,8.7,4.3,57.4,61.7,70.2,85.1,93.6,36.2,36.2,38.3,40.4,40.4,2.1,14.9,31.9,53.2,100.0,47,1hrnb
8.1,15.3,76.6,0.0,1.9,7.7,32.5,34.0,35.9,90.0,92.3,16.7,26.8,51.2,61.2,87.6,0.5,20.6,47.8,73.2,100.0,209,1eng
18.4,26.4,55.2,0.0,6.5,6.5,24.8,28.0,35.2,81.6,88.8,1.6,7.2,60.8,67.2,96.8,0.8,20.0,43.2,69.6,100.0,125,1bw4
12.5,42.0,45.5,0.0,1.8,12.6,82.1,83.9,87.5,90.2,93.8,1.8,19.6,38.4,58.9,79.5,0.9,25.9,52.7,70.5,100.0,112,1dyna
16.8,35.4,47.8,0.0,1.8,12.5,76.1,78.8,83.2,87.6,92.0,6.2,20.4,31.0,61.1,72.6,0.9,18.6,46.0,65.5,100.0,113,1pls
7.4,48.9,43.8,0.6,1.7,9.7,11.9,84.7,86.4,88.1,90.3,12.5,27.3,43.2,64.8,94.9,0.6,10.8,47.7,80.1,100.0,176,1hbq
7.5,48.0,44.5,0.0,1.2,10.5,80.3,81.5,83.2,85.0,87.3,1.2,27.7,42.2,59.5,76.3,0.6,13.3,46.8,88.4,100.0,173,1bbpa
14.6,47.6,37.8,0.0,2.5,11.0,75.6,78.7,82.3,93.9,97.6,7.9,28.7,42.1,60.4,89.6,0.6,15.2,42.7,73.8,100.0,164,1epab
8.3,46.5,45.2,0.0,1.3,11.5,81.5,82.8,84.7,86.6,89.2,12.7,33.8,46.5,65.6,95.5,0.6,10.8,31.8,78.3,100.0,157,1mup
12.2,60.3,27.5,0.0,3.1,15.4,10.7,13.0,16.0,21.4,24.4,3.1,36.6,60.3,80.9,99.2,0.8,26.0,48.9,73.3,100.0,131,1ifc
9.2,42.0,48.9,0.0,3.1,15.4,13.0,14.5,16.8,22.9,25.2,3.1,32.1,54.2,73.3,97.7,0.8,29.0,51.9,77.1,100.0,131,1lid
13.0,62.6,24.4,0.0,3.1,15.4,11.5,13.7,16.8,22.1,26.0,3.8,38.2,61.8,80.2,99.2,0.8,19.1,42.7,66.4,100.0,131,1mdc
14.6,58.4,27.0,0.0,2.9,14.7,10.9,13.9,19.7,23.4,27.0,3.6,38.0,59.1,80.3,99.3,0.7,27.7,55.5,75.2,100.0,137,1cbs
23.2,28.8,48.0,0.0,6.5,8.1,8.0,12.8,36.0,61.6,68.0,23.2,32.0,76.0,88.0,99.2,0.8,21.6,48.0,60.0,100.0,125,2phy
0.0,59.5,40.5,0.0,0.0,13.9,0.0,0.0,0.0,0.0,0.0,4.3,25.0,52.6,75.0,99.1,0.9,19.0,42.2,72.4,100.0,116,1srga
8.1,22.0,69.9,0.0,1.6,8.2,72.4,73.2,75.6,77.2,79.7,23.6,27.6,55.3,90.2,96.7,0.8,17.1,40.7,63.4,100.0,123,1avda
12.8,32.9,54.3,0.0,2.5,9.8,17.7,20.1,23.2,83.5,87.2,2.4,11.0,37.2,77.4,98.8,0.6,36.0,53.0,71.3,100.0,164,2cpl
12.7,13.9,73.5,0.0,2.4,6.1,15.7,18.1,21.1,80.7,84.3,3.6,6.0,53.6,95.8,99.4,0.6,30.7,49.4,71.7,100.0,166,1clh
3.9,47.5,48.6,0.0,1.1,13.2,41.7,42.3,43.3,98.4,99.5,1.0,27.3,54.6,76.9,96.9,0.3,19.9,46.5,68.5,100.0,381,2sil
4.1,28.4,67.5,0.5,1.6,10.3,19.3,20.1,35.3,79.6,90.2,2.8,24.0,44.3,80.9,94.3,0.3,26.5,52.8,72.4,100.0,388,1ivd
0.8,46.2,53.1,1.0,0.5,12.9,13.3,13.3,20.8,36.7,36.7,3.8,27.4,47.7,77.2,95.6,0.3,22.3,53.3,74.9,100.0,390,1nsca
1.3,39.0,59.7,0.0,0.5,14.5,46.0,46.0,46.3,46.5,47.0,2.6,22.7,41.3,68.7,97.9,0.3,25.3,54.8,77.8,100.0,387,1gof2
1.7,51.3,47.0,0.0,0.6,16.4,67.3,67.3,67.9,68.2,68.7,4.2,23.1,47.9,75.2,98.9,0.3,24.5,50.1,73.5,100.0,355,2bbkh
3.3,38.2,58.5,0.0,1.1,13.0,0.4,0.9,38.4,93.3,94.2,7.2,28.4,55.9,77.8,99.8,0.2,23.6,46.1,73.2,100.0,571,3aaha
13.8,29.5,56.7,0.0,2.7,9.9,21.0,23.7,80.8,92.0,95.5,3.1,12.5,32.6,67.0,99.6,0.4,29.5,50.0,69.2,100.0,224,2ohxa1
28.1,23.5,48.5,0.0,4.1,8.2,20.9,60.2,67.3,78.6,94.4,1.0,14.8,32.7,43.4,99.0,0.5,26.5,45.9,81.1,100.0,196,1qora1
0.0,50.3,49.7,0.0,0.0,14.8,0.0,0.0,0.0,0.0,0.0,4.3,31.9,54.6,80.4,99.4,0.6,23.9,41.7,68.1,100.0,163,1vmoa
2.9,50.0,47.1,0.0,1.0,10.5,15.2,15.2,16.2,16.7,17.6,6.2,36.2,55.2,70.5,98.1,0.5,12.9,40.0,79.0,100.0,210,1dlc2
13.2,20.3,66.5,0.6,3.4,8.5,1.1,7.6,19.2,31.3,97.5,13.2,28.7,51.8,61.7,83.4,0.3,32.1,58.6,80.6,100.0,355,1pcl
7.8,42.2,50.0,0.0,2.2,12.3,82.2,83.3,85.6,88.9,91.1,6.7,26.1,40.0,52.8,73.3,0.6,19.4,61.1,79.4,100.0,180,1caua
12.5,39.1,48.4,0.0,3.3,13.1,18.5,20.7,84.8,90.2,93.5,8.7,26.1,40.2,62.0,97.8,0.5,17.9,49.5,76.6,100.0,184,1caub
28.5,30.7,40.9,0.0,4.4,14.7,6.6,72.3,83.2,90.5,97.8,15.3,26.3,35.8,49.6,68.6,0.7,18.2,48.2,65.0,100.0,137,3gapb1
0.0,64.2,35.8,0.0,0.0,21.2,0.0,0.0,0.0,0.0,0.0,3.0,22.4,52.2,74.6,97.0,1.5,28.4,47.8,65.7,100.0,67,1wapb
30.0,17.8,52.2,0.0,5.2,8.4,14.1,33.2,62.7,76.2,91.6,4.4,24.5,37.3,52.0,93.7,0.3,16.7,46.2,77.8,100.0,383,1cgt3
15.6,18.7,65.7,0.6,4.0,8.5,1.1,29.5,69.4,76.8,89.5,3.1,24.6,42.8,70.0,93.2,0.3,22.1,49.9,74.8,100.0,353,6taa1
23.4,14.7,61.9,0.2,3.7,5.7,5.2,21.9,47.0,79.4,99.8,3.0,16.2,25.4,57.5,84.6,0.2,29.1,55.0,76.4,100.0,402,1ppi1
33.9,8.7,57.4,0.3,5.9,3.7,7.3,28.0,58.3,79.6,99.4,5.3,15.7,52.7,80.1,93.0,0.3,22.1,42.0,70.3,100.0,357,1amg1
24.3,11.3,64.5,1.2,4.1,4.1,12.7,25.7,58.7,74.6,98.3,24.3,50.9,58.1,81.8,90.5,0.3,17.9,41.0,71.1,100.0,346,1amy1
34.5,10.6,54.9,0.2,5.1,3.9,5.7,23.1,52.7,72.9,95.9,2.0,16.7,26.5,59.6,84.5,0.2,27.8,50.0,81.2,100.0,490,1byb
35.0,18.6,46.4,0.0,6.6,7.2,4.9,21.9,48.0,67.6,84.0,0.7,27.8,41.8,74.8,96.1,0.3,27.5,57.5,84.6,100.0,306,1ghsa
31.3,13.9,54.8,0.3,5.5,6.1,8.4,29.3,49.3,68.1,99.1,3.5,22.9,43.2,71.9,91.6,0.3,25.5,52.2,76.2,100.0,345,1xys
34.9,21.5,43.6,0.0,5.6,6.2,22.5,38.8,60.9,80.6,99.7,1.4,13.8,28.7,56.7,90.3,0.3,19.7,46.0,69.2,100.0,289,1nar
26.3,22.8,50.9,0.0,3.5,7.7,21.1,27.0,41.4,81.4,94.7,2.5,14.7,29.8,67.0,96.8,0.4,31.6,59.3,73.3,100.0,285,2ebn
28.8,14.6,56.6,0.0,5.2,4.2,25.2,40.5,55.3,70.9,96.4,8.7,18.4,46.0,74.4,100.0,0.3,16.2,37.5,75.7,98.4,309,1ctn2
47.6,12.9,39.5,0.0,8.6,4.6,6.0,23.8,55.9,80.2,99.7,2.3,28.4,50.1,60.7,82.8,0.3,17.8,44.7,69.3,100.0,349,1add
37.1,16.6,46.2,0.3,7.6,6.2,2.9,20.8,49.1,66.5,83.9,0.3,16.1,30.1,80.3,95.6,2.1,35.3,54.3,84.7,100.0,385,2kauc2
43.1,15.6,41.4,0.0,6.1,5.0,2.5,17.5,49.4,76.4,93.6,7.8,29.2,39.7,51.9,83.3,0.3,24.2,61.4,80.0,100.0,360,1fbaa
36.8,13.0,50.2,0.0,6.4,5.7,7.6,20.3,47.6,76.2,92.1,1.0,23.2,34.3,57.8,82.2,0.3,26.3,55.2,77.1,100.0,315,1ads
40.6,17.5,42.0,0.0,5.6,4.2,43.4,52.4,67.1,83.2,95.8,2.8,6.3,12.6,16.8,23.1,0.7,28.0,38.5,69.9,100.0,143,4enl1
41.9,15.0,43.2,0.0,7.1,6.6,5.7,21.1,44.1,66.5,99.1,0.4,13.2,27.8,49.8,90.7,3.5,37.0,60.4,83.3,100.0,227,2mnr2
33.2,12.3,54.5,0.0,7.4,5.8,7.4,15.2,42.2,63.5,98.8,3.7,21.3,37.3,47.5,91.0,0.4,25.4,61.1,82.4,100.0,244,1chra2
34.6,13.5,51.9,0.0,6.0,6.0,13.0,32.6,50.1,68.2,98.7,5.0,17.5,34.1,60.9,86.5,0.3,19.5,52.6,77.7,100.0,399,1oyb
42.9,14.0,43.1,0.0,7.4,6.9,1.7,27.4,56.3,81.7,94.9,12.9,21.4,43.1,69.1,99.1,0.3,21.7,46.6,69.7,100.0,350,1gox
35.6,15.0,49.4,0.3,5.6,5.6,11.2,27.9,57.9,82.6,98.8,3.8,16.8,48.5,66.2,94.1,0.3,21.5,40.6,74.1,100.0,340,2tmda1
41.7,17.1,41.3,0.0,8.4,6.4,1.6,28.2,51.2,77.8,100.0,19.4,34.1,53.6,72.2,93.3,0.4,22.2,38.1,74.6,96.8,252,1pii1
55.2,14.5,30.2,0.0,9.3,6.5,0.4,26.6,47.2,80.6,99.6,7.3,19.8,49.6,69.0,87.1,5.2,22.2,50.8,70.2,100.0,248,1wsya
51.0,12.5,36.5,0.0,7.8,5.8,3.8,15.4,48.1,75.0,97.1,33.7,35.6,56.7,59.6,90.4,1.0,26.9,40.4,65.4,100.0,104,1pkn1
49.7,11.6,38.8,0.3,8.5,4.7,2.5,25.9,52.2,85.0,99.1,6.9,28.1,37.8,56.6,79.7,0.3,19.1,50.0,68.8,100.0,320,3rub2
45.0,14.8,40.2,0.0,8.4,7.1,1.9,25.7,55.3,85.9,99.4,7.4,29.6,52.7,66.9,79.1,0.3,19.3,46.6,68.8,100.0,311,5rub2
45.7,16.7,37.6,0.0,9.0,6.6,6.1,33.1,55.1,76.7,98.8,1.2,15.1,35.9,64.5,93.1,0.4,26.1,47.8,70.2,100.0,245,1tph1
36.6,9.7,53.7,0.0,6.6,4.6,8.9,29.5,57.5,84.7,99.2,2.3,12.5,33.8,53.4,69.2,0.3,24.2,48.6,70.7,100.0,393,4xiaa
47.8,18.9,33.3,0.0,6.2,7.0,9.2,38.2,63.6,79.8,98.7,2.6,19.7,32.5,57.9,86.4,0.4,21.9,34.2,60.1,100.0,228,1nfp
23.7,28.2,48.1,0.0,5.2,10.3,17.9,34.0,39.7,54.5,60.9,0.6,42.9,67.3,91.0,100.0,2.6,13.5,41.7,80.1,98.1,156,2tmda2
29.2,18.6,52.2,0.0,4.9,6.0,4.6,38.4,48.4,79.2,99.7,1.9,27.3,67.0,74.3,90.8,0.3,19.5,41.4,68.4,100.0,370,3cox1
44.3,20.8,34.9,0.7,6.9,8.3,4.2,22.1,70.2,84.1,98.3,1.7,24.9,34.3,48.8,62.6,0.3,32.2,56.4,66.1,100.0,289,1pbe1
20.2,21.4,58.4,0.3,4.0,6.5,8.4,36.6,43.8,59.3,92.9,5.3,25.8,65.8,82.3,88.5,0.3,21.4,48.8,69.9,100.0,322,1gal1
24.7,23.2,52.1,0.0,3.2,9.5,7.9,13.2,37.4,92.6,98.9,1.6,17.4,50.0,57.4,82.6,0.5,25.3,53.2,74.7,100.0,190,1trb1
33.3,21.2,45.4,0.0,4.2,7.5,5.4,23.8,38.3,46.7,97.1,0.8,13.8,55.4,64.2,85.8,0.4,32.5,65.8,80.0,100.0,240,2tpra1
27.4,33.3,39.3,0.9,4.3,13.8,7.7,26.5,33.3,58.1,65.0,5.1,40.2,70.1,85.5,100.0,0.9,16.2,47.0,72.6,99.1,117,2tpra2
34.5,20.1,45.4,0.0,4.4,7.9,5.7,23.1,38.9,47.6,97.4,1.7,14.4,57.2,63.8,85.6,0.4,31.9,65.5,79.9,100.0,229,3lada1
26.9,38.7,34.5,0.8,4.2,13.6,10.1,28.6,35.3,57.1,63.9,7.6,41.2,73.1,85.7,100.0,0.8,15.1,38.7,52.1,99.2,119,3lada2
17.7,29.0,53.2,0.5,2.7,11.4,8.6,58.1,62.4,93.5,98.4,2.2,21.5,39.2,54.8,81.7,0.5,25.3,48.4,77.4,100.0,186,1fcda1
22.0,17.7,60.3,0.0,4.3,7.1,13.5,17.7,39.0,44.7,97.2,25.5,50.4,73.0,80.9,88.7,0.7,24.1,53.2,68.1,100.0,141,1fcda2
46.1,18.0,35.9,0.0,7.9,7.9,10.9,21.1,53.1,78.1,98.4,4.7,7.8,41.4,65.6,83.6,0.8,23.4,47.7,68.0,100.0,128,3chy
37.9,17.7,44.4,0.0,8.1,8.1,12.1,20.2,53.2,73.4,96.0,4.0,7.3,40.3,63.7,82.3,0.8,28.2,50.0,75.8,100.0,124,1ntr
34.7,18.6,46.7,0.0,6.0,8.4,19.8,27.5,57.5,85.6,99.4,2.4,7.8,30.5,50.3,91.0,0.6,19.2,52.1,73.1,100.0,167,1scua2
47.9,20.8,31.2,0.0,7.7,8.4,0.7,24.3,59.0,80.6,99.3,4.2,11.1,31.2,70.1,88.2,2.8,26.4,45.8,68.1,100.0,144,1scub2
19.7,6.9,73.4,0.0,4.7,3.5,11.6,42.2,64.7,92.5,97.7,2.3,3.5,28.9,50.9,52.6,0.6,22.5,46.2,73.4,100.0,173,2fcr
32.0,25.2,42.9,0.0,5.5,6.8,8.8,15.6,70.1,90.5,98.6,1.4,21.8,37.4,63.3,85.7,0.7,29.3,44.2,64.6,100.0,147,2fx2
38.4,19.6,42.0,0.0,5.8,7.3,8.0,16.7,53.6,76.8,99.3,1.4,22.5,37.0,61.6,85.5,0.7,28.3,43.5,66.7,100.0,138,4fxn
34.0,23.7,42.3,0.6,4.5,8.4,28.2,35.9,51.3,84.0,96.2,5.1,16.7,25.0,66.7,76.3,0.6,14.7,44.9,70.5,100.0,156,1bmta2
34.7,15.3,50.0,0.0,5.1,5.1,17.9,40.3,55.1,90.8,99.5,9.2,26.5,50.5,64.8,78.6,0.5,15.3,37.8,74.5,100.0,196,1cus
27.1,12.8,60.1,0.0,6.9,5.9,29.1,42.4,66.0,78.8,94.6,1.0,34.0,46.3,68.0,89.2,0.5,17.2,38.9,67.5,100.0,203,2nada2
38.8,18.6,42.6,0.8,7.0,7.0,9.3,27.9,64.3,82.2,92.2,1.6,17.1,37.2,55.8,73.6,0.8,25.6,51.2,74.4,100.0,129,1gdha1
41.9,21.2,36.9,0.0,7.5,6.3,13.1,38.8,64.4,81.9,95.0,6.2,26.9,46.2,71.9,99.4,0.6,20.6,35.0,55.6,100.0,160,1fnc2
43.2,13.0,43.8,0.7,7.6,4.8,7.5,21.2,39.0,67.8,97.9,50.7,52.7,63.7,79.5,87.0,0.7,17.1,56.2,76.0,100.0,146,2cnd2
29.2,25.0,45.8,0.0,6.7,7.6,17.5,23.3,46.7,83.3,90.8,8.3,13.3,36.7,76.7,100.0,0.8,16.7,50.0,65.8,96.7,120,2pia2
51.2,11.6,37.2,0.5,8.4,3.7,0.5,25.6,59.5,79.5,97.7,14.9,17.2,32.1,87.0,100.0,5.1,21.4,39.5,60.9,99.1,215,2ts11
43.5,10.9,45.6,0.0,7.0,4.8,0.9,22.4,45.0,81.3,100.0,6.3,17.2,50.5,66.2,75.8,0.3,27.2,51.7,74.0,95.5,331,1gtra1
38.0,16.7,45.3,0.0,8.1,8.1,0.7,20.0,38.7,66.0,100.0,12.7,28.7,43.3,75.3,94.0,7.3,33.3,57.3,80.7,98.7,150,2ohxa2
34.6,24.6,40.8,0.0,7.8,9.3,13.1,20.8,36.9,66.9,93.1,6.2,26.9,58.5,74.6,97.7,0.8,23.1,55.4,81.5,100.0,130,1qora2
43.9,14.2,41.9,0.0,6.3,5.6,6.7,26.1,45.8,64.4,99.2,2.8,13.4,33.6,69.6,93.7,0.4,30.8,56.9,81.0,100.0,253,1hdca
37.3,22.0,40.7,0.4,4.7,6.4,5.5,25.4,44.1,62.7,88.6,1.7,18.2,51.7,92.4,99.2,0.4,28.8,57.6,78.4,100.0,236,1dhr
24.3,19.5,56.2,0.6,3.0,8.3,16.9,31.7,48.5,90.5,96.7,1.2,12.1,51.8,70.1,85.2,0.3,25.4,49.4,70.4,100.0,338,1udpa
22.0,26.2,51.8,0.0,6.0,10.8,6.0,10.7,26.2,64.9,98.2,2.4,33.9,44.0,70.8,87.5,0.6,29.8,50.6,79.2,100.0,168,1hdgo1
31.4,15.4,53.2,0.0,5.9,6.4,0.5,7.4,18.1,43.1,80.9,24.5,37.2,48.4,70.2,85.1,9.0,41.0,62.2,86.7,100.0,188,2nada1
36.1,16.2,47.6,0.0,6.8,7.4,0.5,8.9,32.5,51.8,81.2,25.7,38.2,56.0,82.7,96.3,9.9,28.8,60.7,86.4,100.0,191,1gdha2
25.2,22.4,52.4,0.0,4.1,8.2,8.2,13.6,68.7,85.0,91.8,2.7,21.8,30.6,49.7,80.3,0.7,31.3,47.6,73.5,100.0,147,2cmd1
36.8,11.6,51.6,0.6,7.1,4.5,10.3,22.6,32.3,72.9,91.6,3.2,5.2,69.0,71.6,83.2,0.6,38.7,53.5,79.4,100.0,155,1bmda1
39.9,16.8,43.4,0.0,4.2,7.0,9.1,18.2,28.0,66.4,92.3,2.8,38.5,51.0,74.8,81.8,0.7,37.1,55.2,78.3,100.0,143,1llda1
40.9,17.0,42.0,0.0,8.0,6.9,6.8,22.2,47.7,67.0,90.3,2.8,17.0,55.7,71.6,81.8,0.6,27.3,50.6,83.0,100.0,176,2pgd1
40.5,24.0,35.5,0.0,6.7,11.7,14.9,24.0,62.8,83.5,94.2,7.4,28.1,38.8,57.0,98.3,0.8,12.4,39.7,73.6,100.0,121,1scua1
35.5,17.8,46.7,0.0,6.0,8.3,7.7,16.0,30.8,79.9,88.8,19.5,36.7,60.4,70.4,77.5,0.6,34.9,50.9,78.7,100.0,169,1pyda3
35.5,14.8,49.7,0.0,4.9,6.6,9.3,25.1,50.3,90.7,100.0,18.0,32.2,53.0,66.1,77.0,0.5,21.9,44.8,64.5,88.0,183,1poxa3
44.8,19.2,36.0,0.6,6.4,7.6,2.9,20.3,44.2,68.6,87.2,1.2,39.0,55.8,75.0,97.7,0.6,25.0,59.9,76.2,100.0,172,1pyda1
35.2,16.8,48.0,0.5,8.7,5.6,3.6,31.1,45.4,70.9,98.0,11.7,24.5,54.1,76.5,91.3,0.5,19.9,56.6,73.5,100.0,196,1pyda2
39.7,23.0,37.4,0.6,5.2,8.7,2.9,19.5,35.6,51.7,87.4,1.1,25.9,56.3,75.3,97.7,0.6,28.7,62.6,71.8,100.0,174,1poxa1
39.9,17.0,43.1,0.5,8.0,5.9,4.3,19.7,45.7,72.9,89.4,12.8,26.6,54.8,79.3,94.7,0.5,23.4,52.7,72.3,100.0,188,1poxa2
50.1,8.4,41.5,0.3,6.9,2.7,1.2,21.5,49.3,86.6,99.4,17.9,45.1,54.0,63.9,73.1,0.3,27.5,43.9,71.3,100.0,335,1trka1
33.0,14.2,52.8,0.5,5.6,5.6,10.7,41.6,55.3,76.6,90.9,19.8,38.1,52.8,81.2,95.9,0.5,22.8,36.0,72.1,100.0,197,1trka2
45.2,22.6,32.3,0.5,7.0,9.2,7.5,34.4,67.7,81.2,98.9,2.2,18.8,39.2,52.2,89.8,0.5,19.9,34.9,66.1,100.0,186,1gky
59.2,14.8,26.0,0.5,7.7,4.6,10.7,31.1,55.1,79.1,99.5,4.6,7.7,47.4,60.2,89.8,0.5,9.7,34.7,62.8,100.0,196,1ukz
46.4,15.0,38.6,0.5,6.8,5.9,8.6,23.6,45.5,80.5,96.8,3.6,15.5,50.0,59.1,89.1,0.5,29.1,52.7,70.0,100.0,220,2ak3b
37.3,26.5,36.1,0.0,6.1,7.3,9.6,42.2,59.0,81.3,99.4,1.2,23.5,31.3,49.4,86.7,0.6,20.5,45.8,73.5,100.0,166,5p21
35.9,21.0,43.1,0.0,6.2,6.2,8.2,29.7,63.1,80.5,99.5,1.0,17.4,23.6,38.5,88.2,0.5,31.3,45.6,71.3,100.0,195,1tadc2
39.6,17.0,43.4,0.0,6.6,5.7,11.3,27.8,59.0,84.4,98.6,5.2,31.1,37.3,50.5,81.1,0.5,21.7,41.0,67.9,100.0,212,1eft1
43.4,17.4,39.1,0.4,7.4,5.8,1.6,37.6,58.9,76.4,98.4,11.2,17.4,25.2,53.9,89.9,0.4,24.8,51.9,77.1,100.0,258,1efg1
37.4,22.4,40.2,0.5,6.0,9.2,6.4,25.6,46.6,70.8,88.1,0.5,17.4,50.2,65.8,92.2,3.7,30.1,53.4,82.2,100.0,219,1dts
36.4,23.3,40.3,1.4,5.7,8.5,6.4,23.7,56.2,82.7,95.4,1.4,26.5,43.8,65.7,97.2,0.4,23.3,45.6,66.4,100.0,283,1nipa
38.8,26.9,34.3,0.7,5.2,7.1,1.1,26.5,46.6,62.3,95.5,22.0,53.0,76.5,86.2,100.0,0.4,14.9,35.4,54.9,98.5,268,2reb1
31.5,28.6,39.9,0.5,4.2,9.0,6.1,18.8,28.6,57.3,98.1,1.4,33.8,45.1,78.9,88.3,0.5,31.9,60.1,73.2,100.0,213,3cla
33.7,24.3,42.0,0.4,3.7,7.9,9.1,21.4,32.1,58.8,97.1,16.5,42.0,51.4,80.7,88.5,0.4,28.0,53.1,72.4,100.0,243,1eaf
42.7,14.0,43.3,0.0,6.4,5.1,10.8,20.4,59.2,88.5,99.4,3.8,6.4,26.8,56.1,73.2,0.6,30.6,47.8,75.2,100.0,157,1pnt
38.1,12.2,49.6,1.4,5.8,5.1,5.4,25.2,45.3,68.7,96.0,4.3,28.1,50.4,75.5,82.7,0.4,21.2,52.2,73.0,100.0,278,2hnq
34.3,19.6,46.1,0.0,5.0,5.7,1.1,30.0,66.8,86.4,97.5,20.7,33.6,46.8,52.5,76.4,0.4,17.9,40.4,73.6,100.0,280,1yptb
33.3,28.7,38.0,0.0,7.5,9.3,8.3,30.6,39.8,90.7,99.1,3.7,22.2,51.9,75.0,84.3,0.9,26.9,57.4,66.7,100.0,108,2trxa
42.9,29.5,27.6,0.0,7.7,9.6,7.6,17.1,41.0,64.8,99.0,1.9,22.9,52.4,76.2,85.7,1.0,27.6,56.2,69.5,100.0,105,1mdka
81.2,0.0,18.8,0.0,12.7,0.0,3.1,21.9,43.8,73.4,98.4,0.0,0.0,0.0,0.0,0.0,1.6,54.7,59.4,81.2,100.0,64,1dsba2
40.0,21.2,38.8,0.0,7.1,9.5,14.1,22.4,55.3,88.2,98.8,2.4,5.9,41.2,74.1,82.4,1.2,31.8,47.1,65.9,100.0,85,1ego
34.5,18.4,47.1,0.0,7.0,9.3,19.5,26.4,55.2,63.2,98.9,2.3,5.7,37.9,78.2,88.5,1.1,17.2,47.1,71.3,100.0,87,1aba
24.0,13.1,62.8,0.0,4.4,4.4,20.2,25.7,43.7,62.8,99.5,14.2,16.9,33.3,84.2,90.2,0.5,19.1,53.6,74.3,100.0,183,1gp1a
34.5,23.8,41.7,0.0,7.2,9.6,15.5,22.6,52.4,89.3,98.8,2.4,7.1,35.7,75.0,83.3,1.2,29.8,47.6,65.5,100.0,84,2gsta1
27.3,18.2,54.5,0.0,5.3,10.5,19.5,24.7,31.2,87.0,94.8,5.2,7.8,39.0,71.4,79.2,1.3,18.2,51.9,64.9,100.0,77,1gsra1
36.0,24.0,40.0,0.0,8.1,10.8,18.7,25.3,52.0,89.3,98.7,4.0,8.0,41.3,72.0,81.3,1.3,16.0,46.7,62.7,100.0,75,1gsq1
34.9,20.7,44.4,1.2,5.8,8.1,8.4,21.1,52.1,83.5,98.9,1.5,25.7,40.2,62.1,95.4,0.4,23.8,45.6,75.5,100.0,261,1eria
25.0,30.3,44.7,0.4,3.7,7.8,0.8,15.2,21.3,86.1,98.4,8.6,34.0,43.9,67.6,79.5,0.4,29.9,57.8,75.0,100.0,244,1rvaa
36.5,23.0,40.5,0.0,6.0,8.0,5.0,14.5,34.0,59.0,99.0,1.0,37.0,46.5,64.5,86.0,0.5,27.0,66.0,78.5,100.0,200,1bam
41.6,20.8,37.7,0.7,5.9,7.2,1.9,11.7,28.6,79.2,96.8,30.5,41.6,63.0,69.5,98.7,0.6,32.5,49.4,74.0,100.0,154,1pvua
29.5,33.2,37.4,0.5,4.8,12.7,26.8,60.0,67.4,83.2,95.3,2.6,12.6,34.7,57.9,100.0,0.5,20.0,37.4,71.1,99.5,190,3hsc
28.1,11.0,61.0,0.0,5.5,5.5,37.7,61.0,80.8,90.4,97.9,4.1,6.2,12.3,30.8,52.7,0.7,21.2,43.8,67.1,100.0,146,1atna1
38.5,14.6,46.9,0.9,5.3,5.3,11.1,22.1,37.2,75.7,96.5,1.8,24.3,40.7,79.6,85.8,0.4,23.0,53.5,69.9,100.0,226,1atna2
31.7,13.2,55.1,0.4,7.0,6.2,10.7,25.5,46.1,78.6,98.8,1.6,7.4,34.6,65.4,93.8,0.4,23.9,51.4,73.7,100.0,243,1glcg1
47.2,9.8,43.1,0.0,6.5,4.1,10.2,28.0,66.3,84.1,98.8,6.9,13.8,32.9,37.4,46.3,0.4,16.7,42.3,64.2,100.0,246,1glcg2
38.7,18.1,43.2,0.6,6.5,7.1,12.9,21.9,56.1,85.2,100.0,26.5,43.9,50.3,76.8,94.2,0.6,10.3,40.6,65.8,91.6,155,1chma1
38.1,28.4,33.5,0.0,5.2,6.5,28.4,36.8,54.8,72.3,91.6,3.2,12.3,20.6,41.3,77.4,0.6,38.7,61.9,81.9,100.0,155,2rn2
37.6,29.6,32.8,0.0,6.5,8.1,38.4,46.4,64.8,80.0,97.6,9.6,16.0,26.4,53.6,87.2,0.8,8.0,36.0,68.0,100.0,125,1hrha
48.2,11.4,40.4,1.0,6.2,4.2,4.7,36.8,60.1,82.9,96.4,2.6,14.0,25.4,29.5,76.7,0.5,26.9,52.8,68.9,100.0,193,1dpi1
44.9,24.1,31.0,0.6,5.7,5.7,25.3,35.4,57.6,78.5,96.2,1.3,8.9,16.5,39.2,64.6,0.6,24.7,59.5,82.9,100.0,158,1hjra
34.2,7.3,58.5,0.0,5.9,3.5,1.2,38.9,58.5,69.3,95.6,7.9,20.8,31.0,82.7,86.8,0.3,19.6,47.4,80.1,100.0,342,1rpa
32.5,22.1,45.5,0.4,6.5,9.1,10.4,17.7,41.6,69.7,82.7,1.7,29.0,47.6,78.8,95.7,0.4,26.8,51.5,83.1,100.0,231,1gph1
25.2,22.9,51.9,0.0,3.8,6.6,16.4,22.0,35.0,65.9,98.6,13.1,29.4,60.7,75.2,95.3,0.5,12.6,50.5,79.0,100.0,214,1hmpa
42.3,14.4,43.3,1.4,6.3,5.3,1.9,24.5,63.5,86.5,98.6,10.6,31.7,55.8,70.2,85.1,0.5,19.2,45.7,60.6,100.0,208,1sto
45.2,12.9,41.9,0.0,7.1,5.6,3.8,27.3,56.8,77.8,99.5,7.3,31.1,52.5,64.9,94.9,0.3,16.4,43.2,66.4,100.0,396,1ars
39.0,13.6,47.4,0.0,6.1,5.6,4.9,24.9,53.8,72.5,95.1,21.6,30.3,56.8,86.9,99.8,0.2,16.2,42.0,76.3,100.0,426,1tpla
38.5,16.7,44.8,0.0,6.0,6.5,1.2,26.5,59.2,77.3,99.8,6.3,24.6,55.5,82.4,94.0,0.2,22.3,41.5,63.3,100.0,431,2dkb
18.4,21.6,60.0,0.2,3.6,7.8,4.2,37.7,48.9,86.9,97.5,0.8,20.8,51.5,69.7,84.3,0.2,21.6,50.8,73.3,100.0,528,1ack
36.8,17.7,45.5,0.0,7.1,6.5,21.3,41.9,65.5,78.4,99.7,1.3,11.3,25.2,46.1,91.6,0.3,19.0,44.2,67.7,100.0,310,1ede
38.1,20.4,41.5,0.3,5.8,7.8,16.7,35.4,58.5,83.0,96.9,1.7,7.5,34.0,55.1,99.7,0.3,20.1,49.0,73.8,100.0,294,1thta
36.3,12.9,50.8,0.3,7.3,5.4,4.1,26.2,46.1,73.5,90.5,6.3,19.9,39.4,57.4,99.4,0.3,23.0,58.0,78.9,100.0,317,1tca
20.8,27.5,51.7,0.8,3.0,11.4,1.5,22.6,43.0,54.3,59.6,4.9,19.6,50.9,76.2,97.7,0.4,30.2,60.4,81.1,100.0,265,3tgl
23.0,17.1,59.9,0.7,3.7,6.7,1.5,6.7,45.7,57.2,97.8,19.3,28.6,52.8,73.2,98.9,0.4,26.4,53.9,78.1,100.0,269,1tib
32.6,12.9,54.5,0.0,6.0,4.5,13.7,34.6,53.7,77.2,98.7,0.6,19.1,37.5,62.9,96.1,0.2,20.2,50.0,73.0,100.0,534,1crl
23.9,18.2,57.9,1.3,4.4,6.3,19.2,29.9,45.0,84.9,99.1,3.1,9.7,45.9,79.6,96.5,0.3,27.0,53.8,70.4,100.0,318,1taha
18.7,19.0,62.3,0.3,4.5,8.6,25.2,37.7,47.5,77.7,87.2,0.6,12.8,30.0,59.3,97.3,0.3,24.3,56.1,76.9,100.0,337,1lpbb1
28.9,22.7,48.4,0.4,3.5,5.9,47.7,54.3,74.6,83.6,94.1,7.0,13.7,29.7,58.2,72.3,0.4,22.7,37.1,68.4,100.0,256,1whta
37.9,19.6,42.5,0.0,7.9,5.3,3.3,12.4,37.3,56.9,95.4,44.4,62.1,67.3,73.2,79.7,0.7,22.2,43.8,80.4,100.0,153,1whtb
35.2,17.9,46.9,0.0,7.2,5.9,4.9,27.0,58.0,76.2,99.0,10.7,16.3,35.2,63.8,87.9,0.3,29.3,50.2,69.7,100.0,307,2ctc
38.5,19.9,41.6,0.0,5.5,5.5,2.1,15.8,46.0,72.9,99.0,21.6,26.8,33.3,60.5,83.8,0.3,34.0,52.9,78.4,100.0,291,1amp
21.5,31.2,47.3,0.5,4.9,10.3,15.1,19.9,50.5,57.0,67.7,2.7,26.9,59.7,84.4,98.9,0.5,23.7,45.7,79.0,100.0,186,1drf
20.8,34.6,44.7,0.6,4.4,10.8,15.7,20.1,30.2,52.2,64.8,1.3,25.2,58.5,84.3,98.1,0.6,32.1,48.4,78.6,100.0,159,4dfra
20.4,32.1,47.5,0.6,4.3,10.6,14.8,19.1,29.6,53.1,65.4,1.2,25.3,59.3,85.8,98.8,0.6,30.2,47.5,77.2,100.0,162,3dfr
40.8,19.1,40.1,0.5,5.8,7.7,8.5,27.5,57.7,85.7,99.8,3.1,23.2,46.9,67.4,96.9,0.2,24.2,44.0,65.2,100.0,414,7icd
42.0,20.6,37.4,0.3,6.1,6.7,3.2,18.3,57.7,84.9,99.7,0.6,20.6,38.6,61.2,78.6,0.3,24.6,43.5,76.5,100.0,345,1hex
39.3,16.0,44.7,0.0,6.7,5.4,11.3,20.0,43.3,77.3,97.3,28.7,32.0,49.3,70.7,86.0,0.7,10.7,45.3,66.7,100.0,150,8atca1
28.8,13.8,57.5,0.0,5.0,6.3,10.6,16.9,55.0,88.8,96.2,3.8,6.2,36.2,46.2,71.2,0.6,27.5,53.8,73.1,100.0,160,8atca2
42.0,12.5,45.4,0.7,7.5,5.4,4.1,19.0,46.8,80.3,99.0,24.4,33.2,51.2,65.4,95.3,0.3,23.4,49.2,69.2,100.0,295,2at2a
46.7,12.6,40.7,0.0,7.9,5.6,0.2,27.2,57.4,74.5,97.2,5.8,29.6,51.2,77.5,91.2,3.0,19.1,43.0,73.0,100.0,467,1mina
50.4,9.2,40.4,0.0,8.1,3.8,1.9,19.7,46.2,72.4,97.3,16.1,28.7,55.6,75.3,89.5,0.2,30.5,50.2,78.9,100.0,522,1minb
32.3,18.0,49.7,0.0,5.5,7.3,5.5,24.1,74.7,91.2,99.4,0.6,14.9,34.1,57.6,79.3,0.3,28.0,46.0,65.5,100.0,328,1bgu
46.6,14.5,38.9,0.4,6.7,5.2,0.2,30.0,53.4,79.9,97.9,7.5,19.2,26.9,56.2,84.2,0.1,28.7,52.4,75.3,100.0,822,1gpb
46.9,23.6,29.5,0.0,6.7,8.9,5.2,26.6,52.4,73.1,93.4,0.7,21.8,46.9,77.9,99.3,0.4,25.5,48.3,76.4,100.0,271,2dri
45.2,22.0,32.8,0.3,6.9,7.6,4.6,23.6,49.5,70.5,98.4,0.7,19.0,44.9,74.4,94.8,0.3,30.5,54.1,76.7,100.0,305,8abp
43.4,20.1,36.6,0.0,6.5,7.1,4.9,24.6,50.2,70.2,88.7,1.3,20.7,46.3,67.0,96.8,0.3,27.5,58.6,80.6,100.0,309,1gca
41.6,20.3,38.1,0.0,6.4,8.2,4.4,19.5,46.2,68.9,88.7,0.9,21.5,50.3,89.5,99.4,0.3,29.9,51.2,74.4,100.0,344,2liv
31.7,24.0,44.2,0.5,6.3,9.2,5.8,13.0,57.2,70.7,98.6,1.4,18.3,46.2,75.5,93.8,0.5,34.6,51.0,80.3,100.0,208,1pda1
47.6,17.8,34.6,1.0,8.1,5.5,4.2,23.0,56.3,79.6,99.7,0.6,12.6,32.0,68.0,91.3,0.3,27.8,39.8,68.9,100.0,309,1sbp
31.3,19.3,49.3,0.0,6.2,5.8,6.6,30.6,58.0,77.0,92.1,2.7,26.3,42.9,75.4,95.0,0.2,21.1,43.9,69.2,100.0,517,1olba
43.2,18.1,38.6,0.0,8.1,6.0,4.6,35.7,58.6,85.7,99.7,1.6,28.4,40.3,60.5,72.2,0.3,23.8,41.4,68.4,100.0,370,1omp
36.1,17.2,46.6,2.5,5.9,5.9,12.2,25.6,61.8,85.7,96.2,10.1,27.7,39.1,49.2,80.7,0.4,21.0,53.4,75.6,100.0,238,1hsla
41.7,21.2,37.1,0.3,7.2,6.6,3.7,20.9,49.5,84.4,96.9,0.9,21.5,29.3,64.2,81.3,0.3,33.0,52.0,74.5,100.0,321,1pbp
30.2,21.3,48.5,0.0,6.1,8.0,3.0,14.0,45.4,79.3,99.7,0.6,21.3,33.2,70.1,93.0,0.3,32.3,51.8,75.0,100.0,328,1nnt
35.7,6.2,58.0,0.0,8.1,2.7,15.2,27.2,54.9,71.9,98.7,4.0,4.9,41.5,42.9,80.4,0.4,21.0,46.4,78.6,100.0,224,1pxtb1
34.7,19.4,46.0,0.0,6.5,8.1,25.8,40.3,49.2,77.4,97.6,3.2,8.9,33.1,64.5,88.7,0.8,19.4,52.4,66.9,100.0,124,1pxtb2
16.3,26.0,57.7,0.0,1.9,11.7,12.5,15.4,19.2,23.1,27.9,3.8,10.6,56.7,76.9,87.5,1.0,36.5,59.6,79.8,100.0,104,9rnt
12.5,31.2,56.2,0.0,2.1,12.6,13.5,15.6,18.8,21.9,25.0,2.1,36.5,59.4,82.3,96.9,1.0,32.3,50.0,69.8,100.0,96,1gmpa
21.5,23.4,55.1,0.0,5.7,11.3,3.7,7.5,13.1,27.1,39.3,43.9,49.5,68.2,82.2,98.1,0.9,29.9,54.2,73.8,100.0,107,1bsaa
26.8,42.9,30.4,0.0,3.6,14.5,41.1,44.6,51.8,58.9,66.1,3.6,12.5,30.4,80.4,98.2,1.8,19.6,39.3,73.2,100.0,56,1pga
16.7,30.8,52.6,0.0,2.6,10.4,52.6,55.1,59.0,62.8,67.9,23.1,29.5,44.9,80.8,97.4,1.3,12.8,35.9,74.4,100.0,78,2ptl
17.1,34.2,48.7,0.0,5.3,13.3,30.3,32.9,36.8,40.8,96.1,2.6,9.2,55.3,65.8,93.4,1.3,26.3,60.5,76.3,100.0,76,1ubi
8.2,34.0,57.7,0.0,2.1,9.4,35.1,36.1,38.1,40.2,42.3,15.5,26.8,64.9,90.7,100.0,1.0,14.4,47.4,72.2,89.7,97,2pia3
8.2,13.3,78.6,0.0,2.1,6.2,4.1,5.1,7.1,9.2,11.2,18.4,20.4,66.3,78.6,82.7,1.0,30.6,50.0,74.5,100.0,98,1frd
16.0,16.0,67.9,0.0,3.8,9.5,21.7,24.5,28.3,64.2,68.9,2.8,12.3,47.2,78.3,94.3,0.9,30.2,50.9,76.4,100.0,106,1put
15.8,37.6,46.5,0.0,2.0,13.0,32.7,35.6,39.6,43.6,47.5,1.0,10.9,58.4,71.3,99.0,6.9,28.7,56.4,80.2,100.0,101,1tssa2
20.2,37.1,42.7,0.0,4.9,8.1,3.2,7.3,21.0,25.8,45.2,34.7,59.7,69.4,86.3,99.2,0.8,17.7,40.3,70.2,100.0,124,7rsa
17.3,43.3,39.4,0.0,5.8,7.8,2.9,5.8,18.3,22.1,43.3,31.7,56.7,67.3,83.7,97.1,1.0,17.3,37.5,51.9,100.0,104,1onc
21.1,36.6,42.3,0.0,4.9,8.2,3.3,7.3,20.3,25.2,43.9,34.1,56.9,65.9,82.9,94.3,0.8,27.6,46.3,72.4,100.0,123,1ang
13.8,30.8,55.4,0.0,1.6,10.9,68.5,70.8,74.6,77.7,81.5,0.8,22.3,42.3,53.1,100.0,1.5,20.0,48.5,84.6,98.5,130,3cox2
15.7,51.0,33.3,0.0,4.0,9.9,61.8,64.7,68.6,74.5,78.4,2.0,13.7,39.2,86.3,99.0,1.0,23.5,52.9,60.8,100.0,102,1pbe2
33.8,4.6,61.5,0.0,3.1,3.1,66.2,72.3,81.5,89.2,98.5,41.5,41.5,43.1,44.6,44.6,1.5,15.4,30.8,50.8,100.0,65,1gal2
19.0,19.0,61.9,0.0,3.2,6.5,17.5,20.6,25.4,30.2,34.9,42.9,46.0,69.8,74.6,79.4,1.6,14.3,57.1,84.1,100.0,63,1csei
13.2,17.6,69.1,0.0,3.0,9.0,26.5,27.9,30.9,33.8,38.2,50.0,52.9,76.5,80.9,91.2,1.5,16.2,47.1,69.1,100.0,68,1tin
0.0,68.2,31.8,0.0,0.0,14.0,0.0,0.0,0.0,0.0,0.0,4.5,18.2,40.9,56.8,86.4,2.3,36.4,68.2,90.9,100.0,44,3mona
18.4,44.9,36.7,0.0,2.1,10.3,14.3,17.3,22.4,26.5,31.6,6.1,43.9,57.1,72.4,91.8,1.0,33.7,61.2,80.6,100.0,98,1stfi
23.1,47.2,29.6,0.0,3.7,7.5,11.1,15.7,21.3,64.8,71.3,29.6,39.8,54.6,83.3,99.1,0.9,7.4,43.5,73.1,100.0,108,1cewi
29.4,23.5,47.1,1.5,4.5,10.4,25.0,30.9,80.9,88.2,95.6,5.9,10.3,50.0,55.9,67.6,1.5,17.6,42.6,63.2,100.0,68,3il8
17.4,17.4,65.2,0.0,2.9,8.8,82.6,85.5,89.9,94.2,98.6,39.1,42.0,59.4,71.0,75.4,1.4,15.9,31.9,53.6,100.0,69,1huma
32.9,29.5,37.6,0.0,5.8,10.5,12.1,31.2,64.7,86.7,98.3,8.7,26.0,49.7,59.5,80.9,0.6,11.6,38.7,71.7,100.0,173,2glt2
33.6,28.7,37.7,0.0,6.2,9.9,2.0,14.8,64.3,74.2,100.0,9.0,33.2,45.9,79.1,89.3,0.4,22.5,48.0,70.1,98.0,244,1scub1
27.2,0.0,72.8,0.0,5.0,0.0,2.5,7.4,69.1,75.3,82.7,0.0,0.0,0.0,0.0,0.0,1.2,27.2,45.7,64.2,100.0,81,1pyaa
24.6,29.8,45.6,0.4,3.1,5.7,18.0,55.3,61.4,87.3,94.3,10.5,32.0,44.7,70.2,78.9,0.4,14.0,38.6,80.7,100.0,228,1pyab
47.5,7.5,45.0,0.6,6.9,3.1,18.8,31.9,51.9,81.2,93.1,9.4,10.6,15.6,40.0,41.9,0.6,13.8,56.2,76.2,100.0,160,1dlha1
36.1,21.9,42.1,1.1,7.7,7.7,25.1,35.5,62.8,84.2,94.0,2.7,13.7,20.2,54.1,98.4,0.5,21.3,47.5,65.6,100.0,183,1vaaa1
42.9,14.3,42.9,1.3,3.9,6.6,6.5,15.6,67.5,77.9,89.6,26.0,27.3,42.9,46.8,96.1,1.3,33.8,50.6,61.0,100.0,77,1pkp1
44.8,28.7,26.4,0.0,7.0,7.0,3.4,12.6,74.7,86.2,98.9,31.0,36.8,46.0,59.8,67.8,1.1,25.3,41.4,58.6,100.0,87,1pda2
22.1,14.7,63.2,1.5,4.5,7.5,45.6,48.5,54.4,89.7,95.6,7.4,8.8,20.6,23.5,85.3,1.5,25.0,41.2,69.1,100.0,68,1pkp2
24.4,27.6,48.0,0.0,3.3,8.2,51.2,56.1,85.4,91.1,97.6,13.0,18.7,39.0,69.9,80.5,0.8,11.4,36.6,63.4,100.0,123,1efg3
7.5,41.1,51.4,0.0,1.9,11.3,53.3,54.2,56.1,57.9,59.8,1.9,21.5,35.5,70.1,99.1,0.9,29.0,50.5,77.6,100.0,107,1fkf
53.3,11.1,35.6,0.0,9.1,4.5,6.7,17.8,31.1,77.8,91.1,44.4,44.4,46.7,48.9,53.3,2.2,40.0,60.0,68.9,100.0,45,1ctn3
8.3,38.9,52.8,0.0,2.8,14.1,63.9,63.9,66.7,68.1,70.8,15.3,23.6,38.9,83.3,98.6,1.4,12.5,47.2,72.2,100.0,72,1grj2
24.8,30.4,44.8,0.0,6.5,9.7,16.8,21.6,61.6,68.0,78.4,4.0,14.4,43.2,53.6,96.0,0.8,24.0,59.2,84.8,100.0,125,2tpra3
37.1,25.0,37.9,0.0,8.1,8.1,16.9,36.3,67.7,84.7,94.4,4.8,12.9,29.0,47.6,58.1,0.8,16.1,41.9,79.8,100.0,124,3lada3
16.2,10.8,73.0,0.0,2.7,5.5,70.3,73.0,77.0,81.1,85.1,31.1,32.4,35.1,47.3,50.0,1.4,17.6,43.2,64.9,100.0,74,1fcda3
38.5,32.3,29.2,0.0,6.2,4.7,43.8,60.0,74.6,83.8,96.2,2.3,9.2,19.2,26.9,38.5,0.8,39.2,55.4,71.5,100.0,130,2mnr1
37.4,15.3,47.3,0.0,5.5,6.8,12.6,27.9,55.4,75.2,94.2,0.7,4.4,50.7,68.4,96.3,0.3,24.8,43.5,70.7,100.0,294,4enl2
45.7,5.5,48.8,0.0,9.5,1.6,3.1,45.7,69.3,83.5,97.6,23.6,23.6,25.2,26.8,28.3,0.8,22.0,40.2,62.2,100.0,127,1chra1
22.9,19.6,57.5,0.0,2.6,7.9,47.1,51.6,57.5,91.5,97.4,3.3,9.2,26.8,69.3,80.4,0.7,20.9,38.6,70.6,100.0,153,1ezm1
23.2,22.6,54.2,0.0,2.6,7.8,43.9,49.0,54.8,91.6,97.4,2.6,7.1,25.2,67.1,79.4,0.6,23.9,40.6,72.3,100.0,155,8tlne1
20.0,15.5,64.5,0.0,3.0,7.0,12.0,16.5,44.5,92.0,97.0,7.0,10.0,28.5,38.5,83.0,0.5,34.0,60.5,76.5,100.0,200,1iae
33.3,19.9,46.8,0.0,7.0,7.0,8.0,16.9,42.3,71.1,95.5,2.5,23.9,31.3,52.2,81.1,0.5,35.3,58.7,81.6,100.0,201,1iag
18.9,12.3,68.7,0.4,2.9,6.2,2.5,32.5,37.4,72.0,98.8,7.8,15.2,40.7,53.9,94.2,0.4,25.5,56.4,77.4,100.0,243,1srp1
25.5,15.3,59.2,0.0,3.8,7.7,13.4,19.1,68.2,74.5,96.8,4.5,26.8,35.0,49.7,58.6,0.6,31.8,52.9,79.0,100.0,157,1hfc
0.0,7.3,92.7,0.0,0.0,3.7,0.0,0.0,0.0,0.0,0.0,52.7,52.7,54.5,56.4,58.2,1.8,21.8,45.5,76.4,100.0,55,1fca
26.6,4.7,68.8,0.0,6.3,3.2,48.4,53.1,59.4,73.4,81.2,28.1,28.1,29.7,31.2,31.2,1.6,17.2,39.1,82.8,100.0,64,1fxra
24.0,33.0,43.0,0.0,6.1,10.1,4.0,9.0,27.0,33.0,74.0,15.0,45.0,56.0,83.0,95.0,1.0,22.0,52.0,78.0,100.0,100,2atcb1
28.4,8.6,63.0,0.0,5.0,5.0,24.7,29.6,37.0,79.0,86.4,17.3,17.3,19.8,61.7,64.2,1.2,14.8,50.6,70.4,100.0,81,1pba
43.4,9.1,47.6,0.0,7.0,4.2,14.0,26.6,37.8,74.1,93.0,4.2,5.6,51.0,53.1,58.7,0.7,20.3,60.8,79.7,100.0,143,1nhkl
18.6,12.4,69.1,0.0,4.2,6.2,27.8,30.9,67.0,71.1,76.3,16.5,18.6,45.4,58.8,61.9,1.0,20.6,50.5,82.5,100.0,97,1sxl
47.1,16.5,36.5,0.0,4.8,7.1,17.6,28.2,40.0,51.8,78.8,7.1,9.4,60.0,63.5,95.3,1.2,14.1,68.2,87.1,100.0,85,1nrca
29.4,38.8,31.8,0.0,4.8,9.5,11.8,17.6,24.7,70.6,78.8,2.4,35.3,44.7,61.2,94.1,1.2,32.9,51.8,84.7,100.0,85,2bopa
20.5,32.0,47.5,0.0,5.0,6.6,23.8,27.9,72.1,77.0,98.4,11.5,18.0,53.3,63.9,92.6,0.8,19.7,40.2,67.2,100.0,122,3rub1
24.8,26.4,48.8,0.0,6.5,6.5,10.4,29.6,36.0,74.4,97.6,17.6,23.2,50.4,84.8,92.0,0.8,16.8,51.2,68.8,100.0,125,5rub1
18.4,36.7,44.9,1.0,3.1,9.3,25.5,28.6,33.7,59.2,64.3,6.1,14.3,50.0,82.7,99.0,1.0,20.4,45.9,75.5,100.0,98,1aps
27.8,48.5,23.7,0.0,4.2,8.3,16.5,21.6,28.9,75.3,82.5,2.1,38.1,50.5,64.9,94.8,1.0,14.4,70.1,85.6,100.0,97,1ris
49.4,10.1,40.4,1.1,10.2,3.4,4.5,28.1,50.6,66.3,96.6,10.1,11.2,13.5,79.8,83.1,1.1,20.2,43.8,76.4,100.0,89,1efg4
31.7,17.9,50.4,0.0,3.7,5.7,0.4,8.9,19.5,52.4,63.0,25.6,37.4,80.1,88.2,94.3,0.8,32.9,65.4,78.0,100.0,246,1chma2
27.4,26.6,46.0,0.0,3.1,10.7,2.7,9.1,18.3,51.0,60.1,25.9,37.6,67.7,84.4,98.9,0.4,27.8,61.6,79.8,100.0,263,1mat
30.9,20.0,49.1,0.0,4.9,8.5,28.5,35.2,57.0,89.1,97.0,2.4,13.9,22.4,61.8,70.3,0.6,19.4,46.1,72.7,100.0,165,2cmd2
45.9,12.8,41.3,0.0,5.8,5.8,4.1,34.3,48.8,86.6,98.3,14.5,23.8,64.0,73.8,81.4,0.6,18.0,36.6,68.6,100.0,172,1bmda2
35.5,7.1,57.4,1.2,4.8,2.4,2.4,39.6,58.6,89.3,98.2,13.6,14.8,46.2,63.9,65.7,0.6,23.7,47.9,74.0,100.0,169,1llda2
42.1,16.6,41.3,1.6,5.7,6.5,7.3,38.5,54.7,68.0,98.0,0.8,24.7,32.0,82.2,91.9,0.4,15.4,44.1,73.7,100.0,247,1mrj
26.1,16.5,57.5,0.4,5.8,5.8,5.0,48.7,64.4,71.3,88.1,18.8,24.1,32.6,77.4,96.9,0.4,21.1,44.4,73.9,100.0,261,1apa
22.2,23.2,54.6,0.5,6.0,8.2,5.4,21.6,37.3,53.0,86.5,2.7,31.4,49.7,67.6,74.6,0.5,18.4,55.1,82.7,100.0,185,1ltsa
17.1,28.9,54.0,0.0,4.3,6.5,52.9,56.7,65.8,94.7,98.9,5.9,12.3,46.5,73.8,88.8,0.5,20.3,36.4,69.5,100.0,187,1ddt1
36.0,15.3,48.6,0.5,4.1,5.9,25.2,51.4,73.4,87.4,96.4,13.5,37.4,46.8,64.4,97.7,0.5,12.2,35.6,61.7,100.0,222,1prta
53.7,0.0,46.3,0.0,10.0,0.0,34.1,43.9,58.5,70.7,92.7,0.0,0.0,0.0,0.0,0.0,2.4,9.8,22.0,73.2,100.0,41,1ltsc
32.9,26.8,40.3,0.7,3.4,7.4,2.7,10.1,18.1,38.3,53.0,26.2,32.2,61.7,89.3,98.7,0.7,42.3,69.1,79.2,100.0,149,1rtm1
17.8,31.4,50.8,0.0,3.4,9.4,10.2,13.6,17.8,29.7,34.7,1.7,8.5,50.0,87.3,100.0,0.8,38.1,61.0,73.7,94.9,118,1esl1
23.3,16.3,60.5,0.0,4.7,7.1,27.9,32.6,38.4,46.5,52.3,58.1,60.5,76.7,80.2,91.9,1.2,15.1,53.5,74.4,100.0,86,1prtc1
20.8,27.7,51.5,0.0,4.0,10.0,10.9,14.9,19.8,74.3,80.2,25.7,38.6,47.5,54.5,93.1,1.0,23.8,58.4,81.2,100.0,101,1ayaa
15.6,13.8,70.6,0.0,3.7,5.6,16.5,19.3,72.5,76.1,80.7,29.4,31.2,43.1,50.5,54.1,0.9,23.9,55.0,81.7,100.0,109,1ab2
17.1,21.9,61.0,0.0,3.8,5.8,18.1,21.0,25.7,76.2,81.0,31.4,35.2,45.7,53.3,59.0,1.0,15.2,61.0,84.8,100.0,105,2plea
27.6,19.5,52.9,1.2,5.8,8.1,28.7,55.2,62.1,87.4,94.3,4.6,21.8,26.4,48.3,72.4,1.1,16.1,42.5,66.7,100.0,87,1spha
37.6,18.8,43.5,0.0,7.1,7.1,21.2,29.4,57.6,87.1,96.5,5.9,9.4,38.8,70.6,75.3,1.2,16.5,45.9,65.9,100.0,85,1poh
18.9,45.1,36.1,1.7,1.7,13.2,5.7,9.0,13.9,61.5,66.4,1.6,33.6,47.5,74.6,89.3,0.8,23.8,53.3,91.0,100.0,122,2pola1
16.4,48.4,35.2,1.7,1.7,11.6,8.2,11.5,15.6,64.8,68.9,1.6,32.8,48.4,77.0,92.6,0.8,23.0,50.8,81.1,100.0,122,2pola2
18.9,42.6,38.5,1.7,1.7,13.2,13.1,16.4,21.3,65.6,70.5,8.2,34.4,50.8,76.2,95.9,0.8,24.6,45.9,82.0,100.0,122,2pola3
15.1,47.6,37.3,0.8,2.4,13.6,7.1,9.5,13.5,58.7,62.7,1.6,28.6,46.8,77.8,94.4,0.8,32.5,63.5,83.3,100.0,126,1plq1
27.7,27.7,44.7,1.0,4.2,8.1,8.4,19.3,37.9,62.7,91.6,2.6,41.5,55.9,76.2,88.1,0.3,23.5,47.3,74.0,100.0,311,1srya2
40.5,11.6,47.9,0.6,5.7,4.0,1.1,16.7,44.2,64.9,94.6,6.2,10.2,26.6,54.4,68.8,0.3,33.1,61.8,85.0,100.0,353,1asza2
19.8,28.6,51.6,0.0,3.2,11.2,56.3,60.3,65.1,69.8,86.5,14.3,24.6,38.9,49.2,92.9,0.8,12.7,42.1,78.6,100.0,126,1vil
27.7,34.0,38.3,0.0,4.3,10.8,54.3,59.6,67.0,91.5,98.9,4.3,17.0,37.2,47.9,84.0,1.1,22.3,31.9,74.5,100.0,94,1svr
34.4,32.8,32.8,0.0,6.5,11.3,1.6,32.8,43.2,89.6,98.4,14.4,24.8,56.8,68.8,80.0,0.8,13.6,29.6,65.6,100.0,125,2acg
25.9,25.9,48.2,2.2,6.5,8.0,2.2,7.9,74.8,92.1,98.6,12.9,20.9,54.0,71.9,82.0,0.7,28.8,46.0,65.5,100.0,139,2btfp
37.2,12.0,50.7,0.9,5.9,3.8,0.3,22.3,41.3,68.6,87.4,10.6,14.1,18.5,31.4,50.7,6.7,38.1,59.8,85.3,100.0,341,1apme
33.3,15.2,51.5,0.0,6.0,4.6,19.1,41.9,67.0,79.9,97.0,5.3,9.9,14.5,28.1,55.4,0.3,29.4,54.5,75.9,100.0,303,1irk
24.1,17.0,59.0,0.0,5.7,5.7,11.3,16.5,25.5,36.8,67.5,51.4,62.7,77.8,88.2,99.1,0.5,27.4,47.2,73.1,100.0,212,1ppn
13.2,22.0,64.9,0.0,3.9,7.8,3.4,5.9,16.1,54.1,57.6,39.0,64.4,74.1,82.0,98.5,0.5,24.4,42.4,69.3,100.0,205,1hucb
40.2,12.9,46.9,0.4,5.9,5.1,1.6,19.5,41.8,63.3,98.8,5.9,10.5,73.4,83.6,89.1,0.4,31.2,53.1,78.5,100.0,256,4blma
32.9,20.6,46.5,0.3,5.9,7.0,1.1,21.4,45.1,70.2,99.7,7.2,12.5,73.8,86.9,94.4,0.3,26.5,46.8,61.0,100.0,359,2blta
34.3,18.4,47.3,0.3,6.1,5.5,2.3,29.7,46.4,72.0,99.1,7.2,12.1,80.1,86.7,93.1,0.3,26.2,51.3,65.7,100.0,347,3pte
19.8,8.6,71.6,0.0,3.3,3.3,2.1,6.6,20.6,25.5,65.8,53.9,55.6,71.2,80.2,93.0,0.4,33.3,51.4,77.8,100.0,243,2baa
32.6,4.7,62.8,0.0,6.2,3.1,3.9,10.9,27.1,74.4,89.1,33.3,33.3,34.9,39.5,41.1,0.8,32.6,52.7,78.3,100.0,129,2ihl
66.0,8.6,25.3,0.0,11.2,3.7,1.9,39.5,58.6,75.9,95.7,8.6,9.9,15.4,17.3,21.0,0.6,17.9,34.0,76.5,100.0,162,1l92
51.4,0.0,48.6,0.0,7.6,0.0,9.7,25.9,59.5,75.1,98.4,0.0,0.0,0.0,0.0,0.0,0.5,14.6,49.2,72.4,100.0,185,1gbs
31.2,24.4,44.4,0.0,4.4,7.5,1.6,10.3,21.9,82.8,99.7,23.8,32.5,47.5,56.2,95.0,0.3,33.8,58.1,78.4,100.0,320,1frpa
37.5,26.5,36.0,0.7,4.8,9.6,0.4,15.4,34.9,73.2,96.0,10.7,31.2,43.0,57.0,91.5,8.8,36.0,56.2,84.2,100.0,272,2hhma
26.5,18.8,54.8,0.3,4.8,6.3,1.0,7.5,27.0,74.2,96.5,19.0,39.0,51.2,66.5,94.0,0.2,32.2,58.5,78.2,100.0,400,1inp
50.2,10.6,39.2,0.6,7.2,4.6,1.6,29.1,52.7,76.4,96.0,0.9,10.1,41.8,71.6,98.4,0.2,24.2,48.9,68.3,100.0,546,1dpi
32.1,19.4,48.5,0.0,4.1,8.2,14.3,21.4,71.4,89.8,98.0,24.0,31.6,56.1,81.1,87.2,0.5,11.7,42.3,59.2,100.0,196,1har
40.8,17.1,42.1,0.0,7.5,5.9,1.2,18.3,30.4,72.9,95.0,34.2,42.5,59.2,66.7,85.4,0.4,32.5,47.9,85.8,100.0,240,1bpb
50.9,7.8,41.3,0.9,8.5,2.6,2.3,20.1,39.2,72.4,99.1,8.1,43.0,48.0,66.3,78.5,0.3,27.9,59.3,79.4,100.0,344,1hlea
0.0,32.3,67.7,0.0,0.0,13.3,0.0,0.0,0.0,0.0,0.0,32.3,35.5,45.2,71.0,80.6,3.2,16.1,51.6,67.7,100.0,31,1hleb
0.0,40.0,60.0,0.0,0.0,17.6,0.0,0.0,0.0,0.0,0.0,11.4,17.1,40.0,62.9,74.3,2.9,22.9,54.3,82.9,100.0,35,1achb
78.2,0.0,21.8,0.0,10.2,0.0,2.0,26.4,54.8,76.6,99.5,0.0,0.0,0.0,0.0,0.0,0.5,23.9,36.0,62.9,100.0,197,1cola
70.7,0.0,29.3,0.0,12.2,0.0,3.9,25.4,49.2,76.8,97.8,0.0,0.0,0.0,0.0,0.0,0.6,21.5,49.7,67.4,100.0,181,1ddt2
76.4,0.0,23.6,0.0,7.0,0.0,1.3,24.0,48.5,75.5,96.5,0.0,0.0,0.0,0.0,0.0,0.4,25.3,53.7,69.4,100.0,229,1dlc1
16.1,31.5,52.4,1.8,3.0,9.1,3.9,17.6,37.3,69.4,92.7,0.6,23.9,52.7,78.5,98.8,0.3,32.4,50.0,71.5,100.0,330,1pho
6.3,59.1,34.6,0.3,1.7,11.7,16.6,17.6,26.9,69.8,71.4,0.7,22.9,55.8,80.7,99.7,0.3,28.2,36.9,64.1,100.0,301,2por
33.1,17.5,49.3,2.0,4.0,6.0,18.9,45.0,68.2,81.5,91.1,3.0,22.2,41.4,74.5,98.3,0.3,15.2,36.1,62.3,100.0,302,1pcrm
56.0,0.0,44.0,0.0,5.1,0.0,12.1,36.3,55.3,71.8,91.6,0.0,0.0,0.0,0.0,0.0,0.4,11.0,30.0,75.5,100.0,273,1prcl
0.0,0.0,100.0,0.0,0.0,0.0,0.0,0.0,0.0,0.0,0.0,0.0,0.0,0.0,0.0,0.0,2.0,23.5,49.0,74.5,100.0,51,9wga1
0.0,0.0,100.0,0.0,0.0,0.0,0.0,0.0,0.0,0.0,0.0,0.0,0.0,0.0,0.0,0.0,2.9,23.5,50.0,73.5,100.0,34,9wga2
0.0,0.0,100.0,0.0,0.0,0.0,0.0,0.0,0.0,0.0,0.0,0.0,0.0,0.0,0.0,0.0,2.3,23.3,48.8,74.4,100.0,43,9wga3
0.0,0.0,100.0,0.0,0.0,0.0,0.0,0.0,0.0,0.0,0.0,0.0,0.0,0.0,0.0,0.0,2.4,23.8,50.0,73.8,100.0,42,9wga4
0.0,11.1,88.9,0.0,0.0,5.7,0.0,0.0,0.0,0.0,0.0,55.6,55.6,58.3,61.1,63.9,2.8,22.2,44.4,77.8,100.0,36,4cpai
25.0,0.0,75.0,0.0,8.5,0.0,8.3,12.5,81.2,87.5,93.8,0.0,0.0,0.0,0.0,0.0,2.1,29.2,47.9,66.7,100.0,48,1oma
6.2,16.9,76.9,0.0,3.1,9.4,41.5,41.5,43.1,44.6,46.2,3.1,4.6,60.0,70.8,75.4,1.5,23.1,49.2,80.0,100.0,65,2sn3
7.8,12.5,79.7,0.0,3.2,6.3,37.5,37.5,39.1,40.6,43.8,54.7,56.2,59.4,73.4,76.6,1.6,18.8,46.9,79.7,100.0,64,1ptx
18.9,0.0,81.1,0.0,5.6,0.0,37.8,37.8,43.2,48.6,54.1,0.0,0.0,0.0,0.0,0.0,2.7,18.9,59.5,78.4,100.0,37,2crd
22.6,0.0,77.4,0.0,6.7,0.0,22.6,22.6,29.0,35.5,41.9,0.0,0.0,0.0,0.0,0.0,3.2,19.4,61.3,80.6,100.0,31,1scy
27.8,0.0,72.2,0.0,5.7,0.0,19.4,22.2,30.6,36.1,44.4,0.0,0.0,0.0,0.0,0.0,2.8,16.7,63.9,80.6,100.0,36,1chl
0.0,0.0,100.0,0.0,0.0,0.0,0.0,0.0,0.0,0.0,0.0,0.0,0.0,0.0,0.0,0.0,2.7,24.3,48.6,73.0,100.0,37,1ktx
20.0,7.5,72.5,0.0,5.1,5.1,37.5,40.0,45.0,50.0,55.0,87.5,87.5,90.0,92.5,92.5,2.5,17.5,35.0,72.5,100.0,40,1ica
12.8,0.0,87.2,0.0,4.3,0.0,42.6,42.6,46.8,48.9,53.2,0.0,0.0,0.0,0.0,0.0,2.1,21.3,55.3,76.6,100.0,47,2gps
0.0,0.0,100.0,0.0,0.0,0.0,0.0,0.0,0.0,0.0,0.0,0.0,0.0,0.0,0.0,0.0,2.8,25.0,50.0,75.0,100.0,36,2cbh
0.0,23.1,76.9,0.0,0.0,15.8,0.0,0.0,0.0,0.0,0.0,25.6,28.2,59.0,64.1,87.2,2.6,17.9,46.2,71.8,100.0,39,1lpba1
0.0,21.7,78.3,0.0,0.0,13.3,0.0,0.0,0.0,0.0,0.0,6.5,8.7,54.3,89.1,95.7,2.2,26.1,45.7,71.7,100.0,46,1lpba2
0.0,0.0,100.0,0.0,0.0,0.0,0.0,0.0,0.0,0.0,0.0,0.0,0.0,0.0,0.0,0.0,2.8,25.0,50.0,75.0,100.0,36,1tabi
0.0,12.9,87.1,0.0,0.0,6.6,0.0,0.0,0.0,0.0,0.0,21.0,22.6,38.7,41.9,45.2,1.6,25.8,56.5,77.4,100.0,62,3ebx
0.0,39.3,60.7,0.0,0.0,16.7,0.0,0.0,0.0,0.0,0.0,3.3,26.2,44.3,63.9,86.9,1.6,19.7,49.2,73.8,100.0,61,1fas
15.0,10.0,75.0,0.0,3.4,3.4,36.7,38.3,41.7,45.0,50.0,81.7,81.7,85.0,86.7,90.0,1.7,18.3,51.7,70.0,100.0,60,1cdta
8.6,24.3,67.1,0.0,2.9,8.7,70.0,70.0,72.9,74.3,77.1,35.7,40.0,48.6,54.3,91.4,1.4,15.7,32.9,78.6,100.0,70,1erh
15.5,24.1,60.3,0.0,3.5,7.0,82.8,84.5,87.9,91.4,96.6,31.0,34.5,41.4,53.4,60.3,1.7,13.8,29.3,69.0,100.0,58,7pti
14.5,25.5,60.0,0.0,3.7,7.4,85.5,87.3,90.9,94.5,98.2,30.9,34.5,41.8,54.5,61.8,1.8,14.5,29.1,69.1,100.0,55,1knt
13.3,20.0,66.7,0.0,3.4,6.8,86.7,88.3,91.7,95.0,98.3,38.3,41.7,46.7,56.7,61.7,1.7,16.7,33.3,70.0,100.0,60,1tap
26.7,10.0,63.3,0.0,6.9,6.9,23.3,26.7,33.3,40.0,46.7,60.0,60.0,63.3,66.7,66.7,3.3,13.3,56.7,83.3,100.0,30,1dfna
0.0,10.5,89.5,0.0,0.0,5.4,0.0,0.0,0.0,0.0,0.0,31.6,31.6,34.2,36.8,39.5,2.6,21.1,55.3,76.3,100.0,38,1bnb
0.0,11.9,88.1,0.0,0.0,4.9,0.0,0.0,0.0,0.0,0.0,33.3,33.3,35.7,38.1,42.9,2.4,21.4,54.8,76.2,100.0,42,2bds
18.8,6.2,75.0,0.0,4.3,4.3,77.1,79.2,83.3,87.5,93.8,41.7,41.7,43.8,45.8,45.8,2.1,18.8,37.5,62.5,100.0,48,2sh1
0.0,31.4,68.6,0.0,0.0,16.0,0.0,0.0,0.0,0.0,0.0,21.6,27.5,39.2,54.9,74.5,2.0,15.7,58.8,82.4,100.0,51,2hcgb
0.0,0.0,100.0,0.0,0.0,0.0,0.0,0.0,0.0,0.0,0.0,0.0,0.0,0.0,0.0,0.0,2.4,23.8,50.0,73.8,100.0,42,1ccf
0.0,11.3,88.7,0.0,0.0,7.7,0.0,0.0,0.0,0.0,0.0,35.8,35.8,39.6,56.6,60.4,1.9,20.8,49.1,77.4,100.0,53,3egf
0.0,36.0,64.0,0.0,0.0,12.2,0.0,0.0,0.0,0.0,0.0,22.0,32.0,42.0,58.0,68.0,2.0,16.0,56.0,84.0,100.0,50,4tgf
0.0,44.0,56.0,0.0,0.0,20.4,0.0,0.0,0.0,0.0,0.0,10.0,26.0,42.0,68.0,90.0,2.0,22.0,54.0,78.0,100.0,50,1tpn
63.3,0.0,36.7,0.0,13.8,0.0,10.0,20.0,36.7,73.3,90.0,0.0,0.0,0.0,0.0,0.0,3.3,6.7,53.3,63.3,100.0,30,2pf11
5.8,11.6,82.6,0.0,2.4,4.7,32.6,32.6,33.7,34.9,37.2,73.3,74.4,77.9,84.9,88.4,1.2,19.8,46.5,67.4,100.0,86,1urk2
20.0,20.0,60.0,0.0,4.1,12.2,56.0,58.0,64.0,68.0,74.0,34.0,36.0,48.0,88.0,94.0,2.0,14.0,30.0,76.0,100.0,50,3sgbi
0.0,10.7,89.3,0.0,0.0,7.3,0.0,0.0,0.0,0.0,0.0,62.5,62.5,66.1,85.7,89.3,1.8,21.4,44.6,71.4,100.0,56,1tgsi
0.0,29.4,70.6,0.0,0.0,12.0,0.0,0.0,0.0,0.0,0.0,25.5,29.4,45.1,86.3,94.1,2.0,17.6,54.9,72.5,100.0,51,4sgbi
9.4,0.0,90.6,0.0,3.8,0.0,50.9,50.9,52.8,54.7,58.5,0.0,0.0,0.0,0.0,0.0,1.9,22.6,45.3,77.4,100.0,53,1pspa1
9.4,0.0,90.6,0.0,3.8,0.0,45.3,45.3,47.2,49.1,52.8,0.0,0.0,0.0,0.0,0.0,1.9,22.6,54.7,77.4,100.0,53,1pspa2
29.1,11.6,59.3,0.0,7.1,4.7,4.7,62.8,69.8,86.0,94.2,12.8,14.0,17.4,31.4,34.9,1.2,25.6,46.5,61.6,100.0,86,1pdga
19.6,42.0,38.4,0.9,4.5,11.7,3.6,7.1,50.9,55.4,60.7,14.3,34.8,75.9,88.4,99.1,0.9,13.4,41.1,61.6,100.0,112,2tgi
0.0,60.7,39.3,0.0,0.0,15.1,0.0,0.0,0.0,0.0,0.0,7.5,30.8,65.4,82.2,98.1,0.9,15.0,40.2,55.1,100.0,107,1bet
0.0,16.5,83.5,0.0,0.0,7.1,0.0,0.0,0.0,0.0,0.0,50.6,52.9,65.9,69.4,77.6,1.2,20.0,41.2,78.8,100.0,85,1hcna
26.4,11.8,61.8,0.0,5.5,5.5,10.9,16.4,40.9,77.3,84.5,22.7,24.5,27.3,50.9,60.9,0.9,28.2,52.7,71.8,100.0,110,1hcnb
0.0,23.1,76.9,0.0,0.0,12.5,0.0,0.0,0.0,0.0,0.0,21.5,24.6,33.8,44.6,63.1,1.5,18.5,55.4,80.0,100.0,65,1hrti
0.0,0.0,100.0,0.0,0.0,0.0,0.0,0.0,0.0,0.0,0.0,0.0,0.0,0.0,0.0,0.0,2.6,23.1,48.7,74.4,100.0,39,1dec
16.1,0.0,83.9,0.0,1.7,0.0,71.2,73.7,78.0,82.2,86.4,0.0,0.0,0.0,0.0,0.0,0.8,20.3,41.5,62.7,100.0,118,2cy3
21.5,5.6,72.9,0.0,5.7,3.8,60.7,64.5,77.6,86.0,91.6,8.4,8.4,10.3,16.8,18.7,0.9,23.4,42.1,59.8,100.0,107,2cdv
11.3,0.0,88.7,0.0,3.3,0.0,6.5,6.5,9.7,12.9,16.1,0.0,0.0,0.0,0.0,0.0,1.6,32.3,54.8,77.4,100.0,62,1isua
7.1,12.9,80.0,0.0,2.4,4.8,14.1,14.1,16.5,17.6,20.0,70.6,71.8,77.6,81.2,84.7,1.2,27.1,47.1,67.1,100.0,85,1hip
7.0,18.3,74.6,0.0,2.9,8.6,71.8,71.8,73.2,74.6,77.5,52.1,54.9,59.2,66.2,83.1,1.4,18.3,36.6,69.0,100.0,71,2hipa
0.0,10.8,89.2,0.0,0.0,5.6,0.0,0.0,0.0,0.0,0.0,27.0,27.0,29.7,32.4,35.1,2.7,21.6,54.1,75.7,100.0,37,2drpa1
60.0,0.0,40.0,0.0,6.9,0.0,30.0,40.0,56.7,70.0,86.7,0.0,0.0,0.0,0.0,0.0,3.3,10.0,20.0,90.0,100.0,30,1paa
30.0,0.0,70.0,0.0,6.9,0.0,50.0,53.3,60.0,66.7,76.7,0.0,0.0,0.0,0.0,0.0,3.3,16.7,33.3,80.0,100.0,30,4znf
0.0,13.3,86.7,0.0,0.0,6.9,0.0,0.0,0.0,0.0,0.0,30.0,30.0,33.3,36.7,40.0,3.3,20.0,56.7,76.7,100.0,30,5znf
16.7,13.3,70.0,1.7,1.7,5.1,48.3,50.0,55.0,58.3,63.3,30.0,31.7,35.0,43.3,46.7,1.7,16.7,65.0,81.7,100.0,60,1gata
42.3,12.7,45.1,0.0,8.6,5.7,31.0,39.4,67.6,84.5,95.8,18.3,19.7,22.5,49.3,53.5,1.4,11.3,28.2,59.2,100.0,71,1rgd
0.0,30.0,70.0,0.0,0.0,12.2,0.0,0.0,0.0,0.0,0.0,40.0,44.0,70.0,78.0,96.0,2.0,16.0,34.0,64.0,100.0,50,1tfi
15.4,34.6,50.0,3.9,3.9,11.8,55.8,57.7,88.5,92.3,96.2,9.6,15.4,50.0,67.3,86.5,1.9,21.2,34.6,63.5,100.0,52,2atcb2
0.0,5.9,94.1,0.0,0.0,4.0,0.0,0.0,0.0,0.0,0.0,11.8,11.8,13.7,15.7,15.7,2.0,29.4,52.9,76.5,100.0,51,8rxna
0.0,10.0,90.0,0.0,0.0,6.9,0.0,0.0,0.0,0.0,0.0,80.0,80.0,83.3,86.7,86.7,3.3,20.0,43.3,66.7,100.0,30,2mhu
0.0,0.0,100.0,0.0,0.0,0.0,0.0,0.0,0.0,0.0,0.0,0.0,0.0,0.0,0.0,0.0,3.2,22.6,48.4,74.2,100.0,31,1mrb
0.0,0.0,100.0,0.0,0.0,0.0,0.0,0.0,0.0,0.0,0.0,0.0,0.0,0.0,0.0,0.0,3.2,22.6,48.4,74.2,100.0,31,1dmc
0.0,0.0,100.0,0.0,0.0,0.0,0.0,0.0,0.0,0.0,0.0,0.0,0.0,0.0,0.0,0.0,2.8,25.0,50.0,75.0,100.0,36,2bpa3
12.5,0.0,87.5,0.0,5.1,0.0,75.0,75.0,77.5,80.0,85.0,0.0,0.0,0.0,0.0,0.0,2.5,20.0,42.5,65.0,100.0,40,4rhv4
77.6,0.0,22.4,0.0,6.1,0.0,10.4,28.4,47.8,68.7,88.1,0.0,0.0,0.0,0.0,0.0,1.5,4.5,49.3,94.0,100.0,67,1bhb
87.0,0.0,13.0,0.0,5.9,0.0,7.2,27.5,55.1,76.8,98.6,0.0,0.0,0.0,0.0,0.0,1.4,2.9,5.8,46.4,100.0,69,1bct
