  14.1   0.7   7.4   5.4   5.4   4.0   1.3   5.4   8.7   6.7   3.4   1.3   4.0   1.3   3.4   8.7   6.7   8.1   1.3   2.7  149   2lhb                            
  12.5   0.7   8.3   2.1   4.2   6.9   1.4   5.6  10.4   9.0   2.1   6.9   1.4   4.2   2.8   4.2   4.2   9.0   1.4   2.8  144   3sdha                           
  19.0   0.7   4.9   5.6   7.0  11.3   1.4   1.4   7.0   6.3   3.5   4.2   2.1   3.5   0.7   8.5   4.2   4.9   2.8   0.7  142   1flp                            
  20.4   0.7   4.1   2.0   2.7  13.6   3.4   5.4   8.2   7.5   3.4   2.0   2.0   4.8   2.0   6.8   0.7   6.8   1.4   2.0  147   2hbg                            
  11.0   0.0   3.9   9.1   3.9   7.1   7.1   5.8  12.3  12.3   1.9   1.3   2.6   3.2   2.6   3.9   3.2   5.2   1.3   1.9  154   2mge                            
  12.5   0.0   6.6   3.7  10.3   8.1   2.9   6.6   7.4   4.4   2.9   3.7   3.7   2.9   2.2   6.6   6.6   6.6   0.7   1.5  136   1eca                            
  13.7   0.0   3.9   9.2   4.6   4.6   3.3   5.9   9.2   9.2   0.7   3.9   3.3   2.6   0.7   5.9   5.2  11.1   2.0   1.3  153   2gdm                            
  10.3   1.4   4.8   5.5   5.5   8.9   6.2   0.0   7.5  12.3   0.7   4.1   4.8   2.1   2.1   3.4   4.8  12.3   1.4   2.1  146   1babb                           
  15.6   0.7   5.7   1.4   6.4   9.2   2.8   4.3   7.8  10.6   2.1   2.8   4.3   4.3   0.7   4.3   5.0   7.1   1.4   3.5  141   1itha                           
   7.5   2.0   7.5  10.9   5.4   2.7   4.8   2.7   9.5   8.2   2.0   4.1   4.1   3.4   6.1   2.0   6.8   3.4   2.0   4.8  147   1ash                            
  12.1   0.0   5.7   4.5   4.5   4.5   3.2   4.5   6.4  10.8   3.8   3.2   1.9   7.0   5.1   7.6   5.1   7.0   1.3   1.9  157   1hlb                            
  14.8   1.2   4.9   3.7   3.7   8.0   0.6   4.9   4.9   8.0   1.2   4.3   3.7   3.1   3.7   9.9   7.4   4.9   0.6   6.2  162   1cpca                           
  18.0   1.7   7.6   2.9   2.3   8.1   0.0   5.2   3.5   8.7   3.5   4.1   1.7   2.9   5.8   8.1   4.7   7.6   0.0   3.5  172   1cpcb                           
  14.1   1.3   5.1  14.1   2.6   5.1   2.6   9.0   7.7   7.7   1.3   2.6   2.6   5.1   9.0   2.6   2.6   3.8   0.0   1.3  78   1grj1                            
  12.7   0.0   2.7  16.4   0.9   3.6   0.9   1.8   9.1  16.4   0.9   0.9   8.2   5.5  10.9   0.0   0.9   7.3   0.9   0.0  110   1srya1                          
  11.0   1.2   1.2   8.5   4.9   6.1   6.1   6.1   4.9   8.5   0.0   8.5   4.9   2.4   1.2   6.1   6.1   3.7   2.4   6.1  82   1isca1                           
   8.1   1.8   3.6   5.4   3.6   9.9   1.8   3.6  11.7   7.2   1.8   5.4   8.1   3.6   1.8   6.3   7.2   2.7   0.9   5.4  111   1ccr                            
  12.9   1.6   6.5   6.5   4.0  12.1   2.4   2.4  10.5   4.0   1.6   3.2   3.2   6.5   2.4   0.8   7.3   6.5   1.6   4.0  124   1cxa                            
  15.9   2.4   6.1   6.1   2.4   8.5   1.2   3.7   9.8   4.9   2.4   3.7   7.3   6.1   1.2   3.7   2.4   8.5   2.4   1.2  82   2pac                             
   7.5   1.4   7.5   9.5   4.8  12.2   2.7   2.7   2.7   8.2   4.1   4.1   6.8   2.7   2.0   3.4   7.5   2.7   2.7   4.8  147   2mtac                           
  13.9   2.5   7.6   5.1   1.3  13.9   2.5   0.0  15.2   6.3   6.3   1.3   0.0   2.5   1.3   6.3   1.3   6.3   0.0   6.3  79   1c53                             
  10.0   2.5   2.5   7.5   5.0  11.2   2.5   5.0   5.0   1.2   7.5   3.8   6.2   5.0   1.2   7.5   7.5   5.0   0.0   3.8  80   1fcdc1                           
  13.8   2.1   8.5   9.6   4.3   6.4   3.2   1.1   9.6  10.6   3.2   0.0   3.2   5.3   4.3   4.3   3.2   1.1   1.1   5.3  94   1fcdc2                           
   7.4   0.0   0.0  11.1   5.6   1.9   0.0   5.6   7.4  11.1   0.0   7.4   1.9   9.3  16.7   7.4   3.7   0.0   1.9   1.9  54   1enh                             
   7.8   2.6   0.0  13.0   5.2   5.2   1.3   2.6   5.2   5.2   0.0   6.5   3.9   9.1  11.7   6.5   2.6   6.5   2.6   2.6  77   1lfb                             
   1.7   0.0   1.7   8.5   3.4   3.4   1.7   6.8  11.9   8.5   1.7  11.9   1.7   1.7  11.9   6.8   6.8   3.4   3.4   3.4  59   1aplc                            
   4.9   1.6   0.0  13.1   4.9   0.0   1.6   8.2  11.5   8.2   1.6   6.6   3.3   4.9  13.1   4.9   4.9   4.9   1.6   0.0  61   1hdp                             
   6.0   0.0   0.0   6.0   4.0   6.0   4.0  12.0   8.0   8.0   2.0   4.0   6.0   8.0  10.0   8.0   2.0   2.0   0.0   4.0  50   1hcra                            
   7.0   0.0   4.7   2.3   0.0   7.0   2.3   9.3   9.3   4.7   4.7   9.3   0.0   4.7   9.3   9.3   4.7   7.0   2.3   2.3  43   1ret                             
   1.8   1.8   1.8   7.3   0.0   7.3   5.5   7.3  16.4   7.3   1.8   3.6   5.5   5.5   9.1   1.8   1.8   7.3   5.5   1.8  55   1msec1                           
   8.0   0.0   4.0   8.0   0.0   4.0   4.0   8.0  10.0   6.0   2.0   8.0   2.0   2.0  12.0   4.0   8.0   2.0   6.0   2.0  50   1msec2                           
  12.5   0.0   2.8   9.7   2.8   6.9   2.8   8.3   4.2   9.7   2.8   1.4   4.2   6.9  11.1   5.6   4.2   4.2   0.0   0.0  72   1leb                             
   5.9   1.5   5.9   4.4   0.0   8.8   2.9  11.8   5.9   8.8   4.4   2.9   2.9   8.8   5.9   2.9   8.8   7.4   0.0   0.0  68   3gapb2                           
  12.2   0.0   1.4   2.7   1.4   9.5   4.1   8.1  10.8   8.1   1.4   1.4   1.4   5.4   8.1  13.5   2.7   4.1   0.0   4.1  74   1hsta                            
   5.7   0.9   7.5   2.8   9.4   5.7   2.8   6.6   7.5  10.4   1.9   7.5   3.8   5.7   6.6   5.7   2.8   2.8   1.9   1.9  106   1hks                            
  10.8   0.0   5.4   8.1   0.0  10.8   5.4   5.4   5.4  16.2   0.0   2.7   2.7   0.0  10.8   5.4   5.4   5.4   0.0   0.0  37   1bbl                             
  11.6   0.0   7.0   4.7   2.3  14.0   0.0   7.0   9.3   7.0   2.3   2.3   2.3   2.3   9.3   2.3   2.3  11.6   0.0   2.3  43   2pde                             
  10.0  15.0   5.0  12.5   0.0   5.0   0.0   5.0   0.0   2.5   2.5   2.5   5.0   5.0   2.5   7.5   5.0   5.0   0.0  10.0  40   1erl                             
   5.0  15.0   5.0   7.5   0.0  10.0   2.5   5.0   0.0   5.0  10.0   0.0  10.0   5.0   0.0   2.5  12.5   0.0   0.0   5.0  40   1erd                             
   2.6  15.8   5.3  10.5   2.6   7.9   2.6   0.0   2.6  10.5   2.6   7.9  10.5   7.9   0.0   5.3   0.0   2.6   2.6   0.0  38   1erp                             
  10.4   0.7   4.9  11.8   0.7   4.9   0.7   0.0   4.9  16.7   2.8   0.0   0.7   9.7  11.1   4.9   4.2   6.2   2.1   2.8  144   1lpe                            
  15.1   0.0   4.1   4.8   3.4   3.4   0.7   2.1   2.7  10.3   6.2   8.9   2.1  11.6   4.8   6.8   6.2   2.1   0.7   4.1  146   1was                            
  16.0   0.0  11.3   7.5   1.9   2.8   1.9   2.8  12.3   9.4   2.8   5.7   3.8   5.7   3.8   1.9   4.7   3.8   0.0   1.9  106   256ba                           
  22.0   1.6   3.9   7.9   3.1   7.9   0.8   1.6  11.8   9.4   2.4   1.6   5.5   5.5   1.6   3.9   4.7   2.4   2.4   0.0  127   2ccya                           
   6.2   1.8  10.6   3.5   6.2   5.3   6.2   7.1   8.0   8.8   0.9   5.3   2.7   4.4   3.5   2.7   6.2   2.7   2.7   5.3  113   2hmza                           
   8.4   0.6   5.2   4.5   5.2   3.2   0.0   5.8   1.3   7.8   0.0   6.5   4.5   5.8   7.1  10.4   9.7   9.1   1.9   2.6  154   2tmvp                           
  16.9   0.0   4.5   5.8   3.9   8.4   1.3   7.8   6.5   7.1   2.6   2.6   1.9   5.2   7.1   2.6   5.2   3.9   0.6   5.8  154   3mdda1                          
   5.1   0.0   8.9  11.4   1.9   7.0   3.2   7.6   5.7  15.2   4.4   6.3   0.6   3.8   5.7   2.5   1.3   3.8   1.3   4.4  158   1bcfa                           
   7.0   1.7   7.6   8.7   3.5   4.1   5.8   3.5   7.0  12.8   2.3   6.4   1.7   6.4   4.1   5.2   2.9   3.5   0.6   5.2  172   1fha                            
   6.5   1.5   5.9   8.5   4.7   3.5   2.4   7.9   4.7  10.0   2.4   4.4   3.5   5.3   5.0   6.2   5.6   5.6   2.1   4.4  340   1riba                           
  10.2   0.5   7.6   6.2   6.5   7.0   1.3   3.6   4.7   7.8   1.6   3.9   4.2   4.2   7.3   3.6   5.7   5.5   4.4   4.2  384   1mmob                           
   9.2   1.4   5.1   7.8   4.7   6.4   2.7   3.9   5.7   7.6   2.1   5.7   4.1   4.1   5.3   4.3   4.9   6.1   4.1   4.9  512   1mmod                           
  11.3   3.1   3.1   4.4   4.4   6.3   3.1   2.5   1.3  19.5   3.1   1.3   6.3  10.1   3.8   6.3   5.7   2.5   0.6   1.3  159   1bgeb                           
   7.6   3.5   3.5   2.9   3.5   5.2   2.9   3.5   6.4  11.0   2.3   8.7   5.2   5.8   4.1   5.2   5.8   9.3   0.0   3.5  172   1lki                            
   4.8   2.4   4.2   7.8   4.8   3.6   0.6   4.2   4.2  15.1   1.2   5.4   4.8   6.0   4.8  10.2   4.8   4.2   2.4   4.2  166   1huw                            
   5.0   3.4   3.4  10.1   4.2   2.5   2.5   4.2   5.0  11.8   3.4   3.4   7.6   5.9   4.2   7.6   9.2   3.4   1.7   1.7  119   1gmfa                           
   6.2   4.7   3.1   7.8   4.7   2.3   3.9   4.7   9.3  12.4   0.8   4.7   0.8   5.4   7.0   6.2  11.6   2.3   0.8   1.6  129   1rcb                            
   3.5   4.9   7.0   8.4   6.3   1.4   2.1   4.9   7.7  11.2   2.8   6.3   2.1   7.0   3.5   7.0   5.6   4.9   0.7   2.8  143   1hmcb                           
   5.3   2.6   5.3   7.9   6.6   3.3   2.0   4.6   8.6  12.6   4.6   7.9   3.3   5.3   6.0   4.6   2.6   3.3   0.0   3.3  151   1ilk                            
   3.8   0.6   1.3   8.8   5.7   1.3   1.3   5.0   6.9  12.6   4.4   6.9   0.6   8.2   8.2   4.4   6.9   5.7   2.5   5.0  159   1ifa                            
   2.5   0.0   8.4   7.6   8.4   3.4   0.0  10.9  12.6   8.4   2.5   6.7   2.5   9.2   2.5   7.6   0.0   4.2   0.8   1.7  119   1rfba                           
   5.6   1.4   5.6   8.5   8.5   7.0   0.0   2.8  11.3  15.5   2.8   5.6   1.4   5.6   4.2   4.2   5.6   1.4   1.4   1.4  71   1pou                             
  12.6   0.0   2.3  11.5   2.3   6.9   0.0   5.7   8.0  11.5   3.4   5.7   2.3   4.6   3.4   8.0   1.1   5.7   0.0   4.6  87   1lmb3                            
   9.2   1.5   1.5   6.2   3.1   4.6   0.0   6.2   9.2  12.3   4.6   1.5   3.1   9.2   7.7   3.1   9.2   4.6   1.5   1.5  65   2cro                             
   9.2   1.3   2.6   6.6   0.0   6.6   0.0   3.9   7.9  13.2   3.9   6.6   2.6   6.6   7.9   7.9   3.9   5.3   1.3   2.6  76   1adr                             
  12.1   0.0   4.5   4.5   4.5   6.1   1.5   7.6  12.1   4.5   3.0   4.5   3.0   4.5   4.5   4.5   9.1   4.5   0.0   4.5  66   1croa                            
   2.6   0.0   5.3  17.1   6.6   6.6   0.0   2.6  13.2  15.8   1.3   2.6   5.3   5.3   0.0   7.9   2.6   3.9   0.0   1.3  76   4icb                             
  10.1   0.0  12.8   7.3   7.3   8.3   1.8   5.5  14.7   8.3   2.8   0.0   0.0   0.9   0.9  10.1   4.6   4.6   0.0   0.0  109   1rtp1                           
  11.8   0.0   8.8  17.6   5.9   8.8   0.0  11.8   5.9   8.8   0.0   5.9   0.0   0.0   5.9   2.9   2.9   0.0   0.0   2.9  34   1ctaa                            
   4.9   0.5   4.9  13.0   7.6   4.3   1.6   6.5  11.9   9.2   1.1   3.2   3.8   4.3   2.7   5.9   7.0   3.2   1.6   2.7  185   1rec                            
   7.5   0.0  10.3   7.5   8.6   7.5   0.6   4.6   6.9   6.9   5.7   6.3   2.9   0.6   2.9   6.3   5.7   6.3   1.7   1.1  174   2scpa                           
   6.5   2.2  11.9   5.4   5.9   5.9   0.5   3.8   8.1   8.1   3.8   5.9   2.7   4.9   3.2   4.9   4.3   5.4   2.2   4.3  185   2sas                            
   6.0   2.0  12.8  11.4   8.1  10.1   1.3   3.4   6.0   9.4   2.7   2.0   2.7   2.7   4.0   2.7   3.4   6.7   0.7   2.0  149   2scmc                           
   2.5   0.0   2.5  10.0   5.0   2.5   0.0   2.5   5.0  10.0   7.5   7.5   5.0   5.0   7.5   7.5   0.0  12.5   2.5   5.0  40   1mylb                            
   7.7   1.0   4.8  13.5   1.9   3.8   2.9   6.7   7.7   8.7   1.9   3.8   5.8   2.9   6.7   5.8   5.8   3.8   1.9   2.9  104   1cmca                           
   5.3   2.3   6.8   8.3   7.5   3.0   0.8   6.0  10.5  10.5   3.8   3.8   5.3   3.8   4.5   5.3   3.0   3.0   1.5   5.3  133   2gsta2                          
   9.2   1.5   5.4   6.2   3.8   6.2   2.3   3.8   7.7  13.1   0.8   6.2   5.4   5.4   3.8   5.4   2.3   6.9   0.0   4.6  130   1gsra2                          
   8.7   3.1   6.3   7.9   4.7   5.5   1.6   3.9  11.0  11.8   0.8   3.1   5.5   2.4   4.7   3.1   3.9   8.7   0.0   3.1  127   1gsq2                           
   4.4   8.9   6.7   1.1   0.0  10.0   3.3   6.7   3.3   7.8   0.0   8.9   6.7   5.6   6.7  10.0   1.1   6.7   0.0   2.2  90   1lpt                             
   8.3   8.3   2.5   5.8   1.7   9.9   2.5   4.1   1.7   9.9   2.5   1.7   7.4   5.0   8.3   5.0   5.8   7.4   0.8   1.7  121   1bip                            
  11.0   1.4   6.9   2.8   4.8  10.3   1.4   4.1   2.8   2.8   2.8   7.6   2.1   2.8   7.6   9.7   4.1   5.5   1.4   8.3  145   1ezm2                           
   8.7   0.0   6.8   3.7   3.1  11.2   1.9   7.5   5.0   5.0   0.6   5.0   3.1   5.0   3.1   9.9   6.2   6.8   0.6   6.8  161   8tlne2                          
   5.8   0.3   8.2   6.9   6.2   8.6   2.1   3.4   7.9   8.9   1.7   6.9   5.2   3.1   3.1   5.2   4.5   4.8   2.4   4.8  291   7ccp                            
  10.2   2.3   7.3   4.7   7.9   9.9   2.9   5.5   2.9   5.2   2.3   3.2   8.2   5.2   2.3   6.4   5.8   6.7   0.9   0.0  343   1lgaa                           
   6.8   1.0   6.8   5.8   5.8   6.8   1.0   1.9   1.9   8.7   2.9   4.9   9.7   4.9   8.7   4.9   6.8   4.9   2.9   2.9  103   1mypa                           
   5.8   2.6   4.8   4.1   4.3   5.8   1.1   5.6   2.6  11.3   3.2   7.4   7.8   5.0   9.5   5.4   4.8   4.8   1.5   2.6  462   1mypc                           
   7.7   2.0   5.4   7.9   4.4   6.2   3.2   6.2   3.0  10.4   2.5   3.0   7.4   5.4   6.4   5.7   4.0   5.9   1.2   2.2  405   2cp4                            
   7.2   0.7   7.2   7.9   5.5   5.5   2.8   4.8   7.9  10.9   3.1   4.2   5.7   4.8   4.4   3.7   4.8   5.3   1.1   2.6  457   2hpda                           
   9.2   1.2   7.5   5.8   5.1   6.3   2.7   6.1   4.1   8.7   3.4   3.9   6.3   2.9   6.1   5.6   5.3   5.1   1.2   3.4  412   1cpt                            
   3.0   7.5   8.2   3.7   3.7   8.2   5.2   3.0   9.0   6.7   2.2   3.7   3.7   0.7   4.5   7.5   8.2   3.7   1.5   6.0  134   1poc                            
   9.3  11.9   8.5   2.5   3.4   8.5   0.8   3.4   4.2   4.2   0.8   8.5   3.4   3.4   4.2   5.1   4.2   3.4   2.5   7.6  118   1poa                            
   5.0  11.6   5.8   5.8   1.7   5.8   2.5   4.1  15.7   6.6   1.7   5.8   2.5   1.7   3.3   4.1   5.8   2.5   1.7   6.6  121   1ppa                            
   3.2   0.0   3.2  16.1   0.0   3.2   3.2   0.0  16.1  19.4   3.2   6.5   0.0   3.2   6.5   3.2   0.0   9.7   0.0   3.2  31   2ztaa                            
  15.2   0.0   6.5   2.2   0.0  15.2   0.0  13.0   4.3   8.7   4.3   0.0   0.0   2.2   2.2   6.5   4.3  10.9   0.0   4.3  46   1pfia                            
   3.3   0.0   1.7   0.0   1.7   3.3   1.7  11.7  13.3  13.3   1.7   3.3   1.7   8.3  11.7   6.7   0.0   5.0   6.7   5.0  60   1scma                            
   4.2   2.3   5.6   4.2   4.2   6.6   0.9   6.1   5.2   6.6   0.9   6.1   4.2   5.6   4.2  15.0   8.9   3.8   1.4   3.8  213   6fabl                           
   2.9   1.9   4.4   5.8   3.4   3.4   2.9   1.9   8.7   7.3   1.5   5.3   8.3   5.8   2.9   9.2   6.8  11.2   1.9   4.4  206   1fc2d                           
   2.2   2.2   5.6   5.1   2.8   7.3   1.1   5.6  10.1  11.8   0.0   5.1   3.4   8.4   2.8  10.1   7.3   6.7   1.7   0.6  178   3cd4                            
   4.5   1.1   1.7   9.6   2.8   5.1   0.0   4.0   7.3  11.3   2.3   4.0   5.1   9.6   2.8  11.3   6.8   7.9   1.7   1.1  177   1cid                            
   2.8   2.2   8.4   6.7   3.4   3.9   1.7   7.3  16.2   7.8   1.1   4.5   2.8   3.9   1.7   7.3   9.5   4.5   2.2   2.2  179   1hnf                            
   1.0   2.0   5.9   8.9   6.9   3.0   4.0   3.0   4.0  10.9   0.0   5.0  10.9   0.0   5.0   3.0   8.9  12.9   3.0   2.0  101   1dlha2                          
   2.0   2.0   1.0   8.2   3.1   7.1   3.1   2.0   3.1   7.1   1.0   3.1   7.1   6.1   6.1   8.2   9.2  14.3   3.1   3.1  98   1dlhb                            
   5.5   2.2   4.4   7.7   2.2   6.6   5.5   2.2   4.4  11.0   1.1   1.1   7.7   5.5   4.4   3.3   8.8   7.7   4.4   4.4  91   1vaaa2                           
   3.0   2.0   6.1   6.1   4.0   2.0   5.1   7.1   9.1   3.0   5.1   4.0   9.1   5.1   3.0   6.1   8.1   5.1   2.0   5.1  99   1vaab                            
   6.1   2.6   3.5   4.4   8.8   6.1   0.9   0.9   3.5  13.2   0.9   4.4   6.1   4.4   6.1  11.4   6.1   5.3   1.8   3.5  114   1cd8                            
   6.8   4.9  10.7  11.7   3.9   4.9   1.9   2.9   7.8   4.9   2.9   2.9   4.9   1.0   1.9   4.9   6.8   9.7   1.0   3.9  103   1tlk                            
   4.4   1.1   3.3   9.9   3.3   5.5   1.1   3.3   6.6   4.4   1.1   2.2   3.3   5.5   5.5  12.1  13.2   9.9   1.1   3.3  91   1tnn                             
   5.9   0.0   2.9   0.0   2.0   8.8   1.0   6.9   2.9   5.9   2.0   5.9   4.9   3.9   6.9  13.7  13.7   8.8   1.0   2.9  102   1gof1                           
  10.6   0.0   2.4   1.2   3.5  14.1   1.2   7.1   4.7   1.2   1.2   7.1   4.7   1.2   1.2   5.9  15.3  12.9   1.2   3.5  85   1cgt1                            
   5.3   1.8  10.1   5.3   5.3   3.5   7.0   4.4   7.9   8.3   2.2   4.4   5.3   2.2   3.5   5.7   4.8   8.3   0.9   3.9  228   1oxy1                           
   8.0   1.0   5.0   6.0   6.0   6.0   1.0   9.0   8.0   2.0   1.0   7.0   2.0   1.0   2.0   9.0  11.0   9.0   0.0   6.0  100   1clc1                           
  15.6   1.8   5.5   2.8   1.8  10.1   0.0   3.7   7.3   4.6   0.9   9.2   2.8   2.8   0.9   6.4   9.2   9.2   3.7   1.8  109   1ctn1                           
   4.0   0.0   6.9   4.0   3.0   6.9   2.0  12.9   2.0   7.9   0.0   7.9  10.9   4.0   7.9   6.9   3.0   7.9   1.0   1.0  101   1ncia                           
  14.3   3.6   4.5   1.8   1.8  14.3   1.8   2.7   2.7   3.6   0.0   1.8   4.5   4.5   0.0   8.0  14.3  14.3   0.9   0.9  112   2mcm                            
   7.3   2.0   7.3   5.3   3.3  18.0   5.3   4.7   6.0   6.0   0.7   6.0   2.7   2.0   2.0   6.0   4.7  10.0   0.0   0.7  150   1xsoa                           
   7.7   0.0   3.3   4.4   1.1   9.9   0.0   7.7   3.3   4.4   0.0   2.2   7.7   1.1   4.4  12.1  13.2   9.9   1.1   6.6  91   1fna                             
   4.5   0.0  11.2   9.0   2.2   5.6   0.0   9.0   5.6   7.9   1.1   3.4   5.6   2.2   3.4   6.7  13.5   4.5   1.1   3.4  89   1ten                             
  10.0   2.0   6.0   3.0   5.0   3.0   3.0   7.0   4.0   2.0   1.0   6.0   8.0   7.0   2.0  10.0   9.0   6.0   3.0   3.0  100   1cfb1                           
   1.1   6.7   4.4  10.0   6.7   4.4   3.3   5.6   5.6   2.2   0.0   4.4   5.6   3.3   4.4  10.0   8.9   5.6   3.3   4.4  90   3hhr1                            
   3.8   0.0   4.7   8.5   0.9   3.8   0.9   4.7   6.6   9.4   3.8   5.7   6.6   4.7   4.7   5.7   5.7  10.4   3.8   5.7  106   3hhr2                           
   4.1   2.0   5.1   9.2   4.1   2.0   0.0   3.1   8.2   6.1   0.0   6.1   6.1   3.1   1.0   7.1  14.3   8.2   3.1   7.1  98   2hft1                            
   8.4   0.0   5.9   5.9   3.4   2.5   0.0   7.6   6.7  10.1   1.7   5.0   8.4   5.9   6.7   7.6   5.9   5.0   0.8   2.5  119   3dpa1                           
   3.7   0.0   8.1   5.9   7.4   8.1   2.2   3.7   9.6  10.4   3.0   3.7   4.4   4.4   2.2   4.4   5.2   8.9   0.7   3.7  135   1rsy                            
   2.0   2.0   5.1   7.1   5.1   2.0   4.0   7.1   9.1   6.1   2.0   5.1   9.1   5.1   3.0   6.1   8.1   6.1   2.0   4.0  99   1frub                            
   6.5   1.9   3.7   1.9   3.7   8.9   1.4   2.3   5.1   7.5   1.4   3.7   5.6   3.3   4.2  12.1   7.9  11.2   2.3   5.1  214   8fabb                           
   3.9   1.3   5.2   3.9   3.9   8.4   5.8   8.4   7.7   5.8   0.6   5.2   5.2   1.9   4.5  11.0   6.5   8.4   0.6   1.9  155   1ddt3                           
  10.9   1.8   0.9   0.0   5.5  13.6   0.9   0.9   0.9   2.7   0.0   8.2   6.4   6.4   0.9  11.8  14.5   9.1   4.5   0.0  110   1exg                            
   7.2   1.2   4.2   5.4   3.6   7.8   1.2   7.8   7.8   7.2   1.2   7.2  10.8   4.8   3.6   3.6   2.4   8.4   0.0   4.8  167   1ctm1                           
   6.7   0.0   1.9   2.9   5.8   9.6   1.9   2.9   3.8   4.8   0.0   8.7   3.8   5.8   1.0   7.7  15.4   9.6   3.8   3.8  104   1cgt2                           
   9.3   0.8   4.2   8.5   4.2   5.9   3.4   4.2   6.8   5.9   0.8   2.5   5.9   0.0   3.4   8.5   9.3  10.2   1.7   4.2  118   1etb1                           
  10.5   1.0   6.0   7.5   5.0   8.0   3.5   6.0   2.5   9.0   0.5   6.5   6.0   4.5   5.5   2.0   6.0   5.5   1.5   3.0  200   2pcda                           
   6.9   1.3   6.4   2.6   4.3   8.2   3.4   7.3   3.9   7.7   1.7   6.0   9.4   3.9   7.3   5.2   4.3   4.7   1.7   3.9  233   2pcdm                           
   7.1   1.0   7.1   8.1   7.1  10.1   2.0   6.1   6.1   6.1   2.0   6.1   5.1   1.0   0.0  12.1   2.0   9.1   0.0   2.0  99   1plc                             
   8.1   0.8   8.1   4.1   4.1   9.8   2.4   2.4  10.6   7.3   5.7   3.3   5.7   4.1   2.4   2.4   4.1  12.2   0.0   2.4  123   1pmy                            
  12.4   1.0   4.8   8.6   3.8   6.7   4.8   3.8   7.6   3.8   4.8   1.9   6.7   1.0   1.9   2.9   7.6  11.4   1.0   3.8  105   1aaj                            
  10.9   2.3   7.0   5.4   3.1   9.3   3.9   2.3  10.1   5.4   5.4   3.1   1.6   3.1   0.8   6.2   7.0   8.5   1.6   3.1  129   2azaa                           
   5.8   3.5   2.3   1.2   7.0  10.5   2.3   4.7   7.0   4.7   2.3   9.3   5.8   4.7   3.5   5.8   7.0   7.0   2.3   3.5  86   1cbp                             
   5.4   1.6   3.1   5.4   5.4  11.6   4.7   7.0   3.1   4.7   2.3   7.0   6.2   4.7   3.1   4.7   6.2   7.0   3.1   3.9  129   1aoza1                          
   6.2   1.4   5.3   3.8   3.3   5.7   2.9   6.7   4.8   8.6   0.5   5.7   8.6   3.8   3.8  10.0   6.7   4.3   2.4   5.3  209   1aoza2                          
   6.1   0.9   4.2   5.6   5.1   7.9   4.2   5.6   5.6   7.9   2.3   8.9   9.3   1.9   2.8   2.8   4.7   8.4   2.3   3.3  214   1aoza3                          
   6.3   0.6   5.7   6.9   3.8   8.8   5.0   4.4   5.7   8.2   3.8   4.4   7.5   1.3   3.8   1.9   8.8  11.3   0.6   1.3  159   1nrd1                           
   6.1   0.8   5.3  11.5   2.3  10.7   3.8   5.3   7.6   6.9   0.8   3.1   6.1   0.8   0.0   9.2   6.1   9.9   1.5   2.3  131   1htp                            
   5.0   1.2   7.5  12.5   3.8  10.0   1.2   7.5   7.5   7.5   0.0   2.5   7.5   2.5   0.0   1.2   5.0  15.0   1.2   1.2  80   1lac                             
   3.2   0.0   5.7  10.1   5.1  10.8   1.9   9.5   5.1   7.0   1.9   3.2   7.0   3.2   2.5   7.6   5.1  11.4   0.0   0.0  158   1gpr                            
  10.7   0.0   1.8   1.8   2.7   8.0   0.0   5.4   3.6   7.1   0.0  10.7   2.7   2.7   3.6  11.6  12.5   8.9   1.8   4.5  112   1cgt4                           
   5.9   2.0   5.9   2.0   1.0  13.7   0.0   5.9   6.9   6.9   2.0   2.9   4.9   2.9   2.0   8.8  12.7   7.8   1.0   4.9  102   6taa2                           
   6.5   2.2   7.5   3.2   6.5  12.9   1.1   6.5   3.2   3.2   0.0   8.6   3.2   4.3   2.2  11.8   5.4   6.5   3.2   2.2  93   1ppi2                            
  11.9   0.0   3.4   1.7   3.4  11.9   1.7   1.7   0.0   6.8   0.0   6.8   1.7   6.8   3.4  18.6   3.4  13.6   1.7   1.7  59   1amg2                            
  10.7   0.0   8.9   7.1   1.8  10.7   3.6   8.9   8.9   8.9   0.0   5.4   3.6   1.8   1.8   1.8   0.0   8.9   1.8   5.4  56   1amy2                            
   6.1   0.7   6.6   3.5   5.2   6.6   3.1   5.4   3.5   8.2   2.6   4.7   6.6   5.2   5.9   6.4   8.0   5.2   1.4   5.2  425   2bpa1                           
   6.9   2.9   5.7   1.1   6.9   5.7   1.7   4.0   4.0   8.0   1.7   6.3   5.7   3.4   2.9   9.1   9.1  10.9   0.6   3.4  175   2bpa2                           
   7.1   0.5   4.9   2.2   3.8   7.6   2.2   8.2   3.3   8.2   2.7   9.2   2.2   5.4   6.0   6.5   9.8   7.1   1.1   2.2  184   2stv                            
   9.5   2.0   3.0   4.0   2.0   6.5   1.0   5.5   3.0   8.5   2.5   5.5   4.5   2.0   3.5   8.0  12.1  10.1   2.0   4.5  199   4sbva                           
   9.2   1.4   5.6   2.5   4.2   9.5   0.7   2.8   2.1  12.7   0.4   6.0   4.2   2.5   4.2   7.4  10.6  10.2   0.7   3.2  284   2tbva                           
  11.2   1.6   4.4   2.8   6.5   6.9   0.6   4.7   2.5   6.2   1.6   6.5   8.7   4.4   3.1   7.5   7.8  10.0   1.2   1.9  321   2bbvc                           
   9.1   1.1   3.8   5.4   2.2   4.8   3.8   4.3   4.3   9.1   1.6   4.3   7.5   3.8   6.5   3.8  12.4   7.0   0.5   4.8  186   1bbt1                           
   5.9   1.5   3.4   4.9   4.9   7.3   3.9   2.9   3.4   7.3   2.0   5.4   5.4   3.9   3.9   5.4  11.2  11.7   1.5   4.4  205   1bbt2                           
   6.0   0.7   5.1   4.2   5.1   7.1   2.0   4.7   3.6   6.2   2.2   8.9   7.5   4.7   3.8   4.9   9.9   6.6   2.6   4.0  548   2cas                            
   7.7   1.1   5.5   5.1   3.7   4.8   3.7   5.1   6.2   5.5   1.8   5.5   5.9   2.6   4.8   8.4   8.1   7.7   1.5   5.5  273   4rhv1                           
   5.1   2.4   4.3   3.1   3.5   7.5   3.1   6.3   3.9   7.5   2.4   6.3   6.7   3.1   2.7   8.2   9.8   9.4   1.6   3.1  255   4rhv2                           
   4.2   0.8   4.7   3.4   3.8   7.2   2.1   6.4   2.5  11.4   2.1   3.8   7.6   5.5   3.8   7.2  12.3   5.1   1.7   4.2  236   4rhv3                           
   5.6   1.9   4.9   4.5   7.5   7.5   1.5   2.6   4.9   6.7   0.7   4.9   9.7   3.4   3.4   8.2   9.0   7.8   1.5   4.1  268   2mev1                           
   6.8   0.8   4.8   3.6   4.0   6.0   3.6   2.8   2.4   8.0   1.2   5.6   5.6   5.2   5.6   7.2  10.8   9.2   2.8   3.6  249   2mev2                           
   9.5   1.3   3.0   1.7   4.8   6.1   0.9   5.6   4.3   6.5   3.0   3.9  10.0   3.9   2.2   7.8  10.8   7.4   2.2   5.2  231   2mev3                           
   8.7   0.0   4.3   0.0   6.5  10.9   0.0   4.3   2.2  10.9   4.3  10.9   0.0   8.7   0.0  15.2   4.3   0.0   2.2   6.5  46   1fod4                            
   0.0   7.1   7.1   3.5   5.9   8.2   3.5   4.7   1.2   4.7   2.4   4.7   5.9   8.2   9.4   8.2   2.4   1.2   2.4   9.4  85   4gcr1                            
   9.0   0.0   4.0   6.0   5.0   7.0   0.0   7.0   4.0   6.0   1.0  10.0   7.0   7.0   4.0   5.0   3.0  11.0   0.0   4.0  100   1prs1                           
   7.3   0.8   2.4   5.6   8.1   8.9   2.4   7.3   8.9   9.7   2.4   6.5   1.6   1.6   2.4   6.5   5.6   6.5   1.6   4.0  124   2sblb1                          
   0.9   1.8   4.5   5.4   5.4   7.1   1.8   5.4   8.9   8.0   0.9   7.1   4.5   2.7   3.6   8.0   8.0  11.6   1.8   2.7  112   1lpbb2                          
   9.3   1.3   5.3   3.3   3.3   8.7   2.0   5.3   3.3   2.7   1.3   9.3   5.3   4.0   4.0  10.7   8.7   4.7   4.0   3.3  150   1gof3                           
   6.9   0.7   5.6   2.1   6.9   7.6   0.7   8.3   6.2   6.9   0.7   5.6   4.2   4.9   2.1   9.7   9.0   5.6   0.0   6.2  144   1dlc3                           
   7.4   0.0   6.2   2.3   7.4   6.8   1.1   5.7   6.2   4.5   0.0   8.5   4.0   3.4   2.3   7.4  11.9   9.1   1.7   4.0  176   1lena                           
   5.6   0.9   5.6   3.7   6.1  12.1   1.9   3.7   6.5   4.7   1.4   8.9   3.3   1.9   0.9   7.0   8.9   5.1   3.7   7.9  214   2ayh                            
   9.0   4.5   6.0   6.0   7.5   8.3   1.5   3.8   6.0  10.5   0.0   9.8   4.5   2.3   3.8   5.3   2.3   6.8   0.8   1.5  133   1slta                           
   3.9   1.0   4.4   6.4   4.9   7.4   2.0   6.4   5.4   9.8   0.5   3.9   5.9   4.4   4.4   8.3   3.9   8.8   2.5   5.9  204   1saca                           
   6.2   4.6   5.5   4.4   3.5  11.8   0.9   2.3   3.0   5.5   1.4   6.9   4.4   4.1   1.6  11.5  10.6   4.8   2.1   4.6  434   1cela                           
   4.9   0.0   3.8   1.1   2.2  13.5   1.1   3.2   2.7   2.2   1.1   9.7   3.2   2.7   3.8   9.7  13.5   7.6   5.9   8.1  185   1xnb                            
  10.6   0.0   0.0  12.8   8.5   6.4   4.3   2.1   2.1   8.5   0.0   2.1   4.3   0.0   2.1   8.5   8.5  10.6   4.3   4.3  47   1lobd                            
   6.8   0.0   8.5  10.2   5.1   6.8   1.7   3.4   3.4   8.5   0.0   3.4   3.4   1.7   3.4   8.5   8.5   6.8   3.4   6.8  59   1shfa                            
   5.3   0.0   8.8   7.0   1.8   3.5   0.0   1.8  14.0  12.3   1.8   5.3   3.5   3.5   3.5   3.5   5.3  10.5   3.5   5.3  57   1shg                             
   3.9   0.0   7.9  13.2   2.6  14.5   1.3   5.3   3.9   9.2   0.0   3.9   2.6   2.6   6.6   2.6   5.3   3.9   1.3   9.2  76   1pkt                             
   5.6   1.4   5.6   9.9   5.6   9.9   1.4   5.6   9.9   4.2   1.4   4.2   4.2   5.6   4.2   4.2   2.8   5.6   4.2   4.2  71   2hsp                             
   8.6   3.4   5.2   5.2   3.4   8.6   1.7   6.9  12.1   3.4   0.0   6.9   5.2   3.4   3.4   0.0   6.9   8.6   1.7   5.2  58   1cska                            
   3.4   1.7   6.9   6.9   8.6   6.9   0.0   5.2   5.2   6.9   0.0  12.1   6.9   5.2   5.2   3.4   3.4   5.2   3.4   3.4  58   1sema                            
   5.8   0.0   2.9   7.2   4.3  13.0   1.4   8.7   7.2   4.3   0.0   8.7   1.4   0.0   4.3   8.7   2.9  11.6   1.4   5.8  69   1pse                             
   4.8   0.0   4.8   9.7   3.2  11.3   0.0   4.8  21.0   4.8   3.2   0.0   1.6   4.8   3.2   4.8   4.8   8.1   1.6   3.2  62   1sso                             
   4.9   1.9   3.9   7.8   1.9   2.9   1.0  11.7   9.7   4.9   3.9   5.8   2.9   4.9   3.9   7.8  11.7   3.9   1.0   3.9  103   1ltsd                           
   2.9   2.9   7.2   4.3   5.8   8.7   1.4   4.3   7.2   7.2   1.4   7.2   1.4   2.9   2.9   4.3  14.5   8.7   1.4   2.9  69   1bova                            
  11.8   3.6   5.5   3.6   1.8   5.5   1.8   4.5   2.7   8.2   2.7   1.8   2.7   3.6   7.3   8.2   7.3   6.4   0.0  10.9  110   1prtc2                          
   8.2   3.6   3.6   4.5   4.5   6.4   0.9   1.8   7.3   9.1   7.3   0.9  10.0   3.6   5.5   5.5   4.5  10.9   0.0   1.8  110   1prtd                           
   8.2   4.1   5.1   6.1   5.1   7.1   3.1   3.1   5.1  15.3   2.0   3.1   5.1   3.1   3.1   6.1   7.1   3.1   1.0   4.1  98   1prtf                            
   8.8   0.0   4.4   8.1   2.2   7.4   2.9   3.7  15.4   8.1   2.9   3.7   4.4   3.7   3.7   2.2   5.9   6.6   0.7   5.1  136   1kab                            
   1.1   0.0   7.5   4.3   4.3   6.5   2.2   7.5   8.6   6.5   1.1   7.5   3.2   2.2   2.2  15.1  11.8   3.2   1.1   4.3  93   1tssa1                           
   7.3   0.0   6.6   6.6   2.2   5.1   1.5   7.3  10.2  10.2   0.7   4.4   2.2   5.8   5.8   6.6   7.3   8.0   0.7   1.5  137   1asza1                          
   7.9   0.4   8.2   6.8   3.9   5.4   2.1   9.3  10.0   6.1   0.7   6.1   7.1   2.5   2.1   3.9   6.8   4.6   2.1   3.9  280   1pyp                            
   9.1   1.1   8.0   8.6   3.4   5.1   2.9   5.1   9.1   8.6   1.7   4.0   7.4   1.1   2.3   4.6   2.9   9.1   1.1   4.6  175   1igp                            
   7.5   0.0   3.0  14.9  10.4  13.4   1.5   4.5   7.5   3.0   1.5   4.5   1.5   6.0   1.5   4.5   3.0  10.4   1.5   0.0  67   1csp                             
   4.7   1.2   3.5   4.7   3.5   8.2   1.2   4.7   5.9  11.8   1.2   2.4   7.1   7.1   4.7   8.2   4.7   9.4   0.0   5.9  85   1bgh                             
   4.9   0.0   4.9   7.4   1.2   3.7   3.7   4.9  17.3   4.9   2.5   1.2   2.5   1.2   8.6   3.7   6.2  14.8   0.0   6.2  81   1rip                             
   3.9   1.6   4.7   7.1   4.7  10.2   3.1   4.7   7.9  13.4   0.8   3.9   4.7   4.7   3.9   5.5   6.3   3.1   0.8   4.7  127   1bara                           
   2.7   0.7   4.8   7.5   5.5   4.8   2.1   4.8  10.3   9.6   2.7   6.2   5.5   7.5   2.1   8.9   2.7   7.5   0.7   3.4  146   8i1b                            
   6.3   2.8   5.6   6.3   6.3   6.3   1.4   4.2   5.6   8.5   3.5   5.6   4.9   5.6   4.2   6.3   5.6   7.0   1.4   2.1  142   1ilr1                           
   9.0   0.7   4.8   5.5   5.5   3.4   2.1   9.0   6.9   9.7   2.1   6.2   4.1   4.8   2.1   4.8   8.3   4.8   1.4   4.8  145   2ila                            
   4.3   3.6   5.0   5.7   0.0   9.3   0.7   7.1   5.7   5.7   3.6   6.4   2.1   2.1   5.7   8.6   8.6   5.7   3.6   6.4  140   1abrb1                          
   3.1   3.1   7.9   0.8   2.4   7.1   0.8   5.5   6.3   7.9   3.9   7.1   3.1   7.1   1.6  12.6   6.3   4.7   4.7   3.9  127   1abrb2                          
   4.2   2.4   6.6   7.8   3.0   8.4   1.2   3.6   7.2   9.6   0.0   2.4   6.0   5.4   4.2   6.6   4.8   9.6   1.8   4.8  166   1tie                            
   4.2   0.8   5.1   5.9   4.2  11.0  26.3   5.1   7.6   5.9   0.8   1.7   0.0   0.8   0.8   6.8   5.1   5.1   0.0   2.5  118   1hce                            
   4.4   2.9   5.9   7.4   2.9  11.8   2.9   5.1  11.0   7.4   1.5   3.7   5.9   0.7   2.9   6.6   5.9   7.4   0.7   2.9  136   1fnc1                           
   2.6   2.6   5.3   4.4   5.3   9.6   4.4   5.3   7.0  11.4   2.6   1.8   7.0   1.8   6.1   5.3   4.4   8.8   0.0   4.4  114   2cnd1                           
   7.8   1.0   7.8   6.8   3.9   7.8   0.0   5.8   3.9   6.8   0.0   5.8   6.8   2.9   8.7   9.7   5.8   5.8   1.0   1.9  103   2pia1                           
   4.0   0.0   5.0  10.0   2.0  13.0   1.0   5.0   6.0   7.0   2.0   1.0   6.0   2.0   9.0   2.0   9.0  16.0   0.0   0.0  100   1eft2                           
   7.4   0.0   5.0   9.9   1.7   9.9   2.5   6.6   5.0   9.9   1.7   2.5   7.4   0.0   6.6   3.3   8.3   9.1   0.0   3.3  121   1efg2                           
  10.6   2.3   4.9   1.9   2.7  12.5   2.3   3.4   1.9   4.9   1.1   6.5   4.9   3.4   4.6  12.2   8.7   5.3   2.7   3.0  263   1arb                            
  10.5   2.2   2.2   1.1   2.8  17.7   1.7   5.0   0.0   5.5   0.6   6.6   2.2   3.3   3.9  11.6  11.6   6.6   0.6   4.4  181   2sga                            
  12.1   3.0   1.0   2.0   3.0  16.2   0.5   4.0   1.0   5.1   1.0   6.6   2.0   4.5   6.1  10.1   9.1   9.6   1.0   2.0  198   2alp                            
   9.3   7.0   0.0   0.0   2.3  11.6   4.7   7.0   2.3   4.7   0.0   7.0   2.3   4.7   0.0  16.3   2.3   9.3   2.3   7.0  43   1epta                            
   2.8   2.8   8.3  16.7   5.6  11.1   0.0   2.8   8.3  13.9   0.0   0.0   2.8   0.0   8.3   8.3   5.6   0.0   0.0   2.8  36   1ppbl                            
   6.0   0.0   5.3   6.6   4.0  12.6   4.0   4.0   6.6   5.3   3.3   3.3   4.6   1.3   5.3   6.6   7.9   8.6   2.0   2.6  151   2snv                            
   7.5   1.5   6.0   6.0   1.5   6.0   3.0   7.5   9.0  10.4   3.0   3.0   6.0   1.5   7.5   4.5   3.0   4.5   3.0   6.0  67   2hnte                            
   5.3   4.6   9.2   5.9   2.6   9.9   2.0   5.9   4.6   9.9   2.6   2.6   7.9   3.9   0.7   6.6   7.9   2.6   2.6   2.6  152   2kaib                           
   3.7   3.7   5.5   4.6   3.7  11.9   0.9   4.6   7.3   4.6   2.8   3.7   5.5   3.7   7.3   6.4   2.8  10.1   2.8   4.6  109   1bbre                           
   5.1   0.0   4.0   6.1   3.0  11.1   0.0  11.1   5.1  10.1   2.0   8.1   5.1   2.0   3.0   4.0   7.1   9.1   1.0   3.0  99   2hpea                            
   4.4   0.9   7.1   5.3   0.9   8.0   1.8   8.0   2.7  14.2   5.3   2.7   6.2   1.8   8.8   6.2   6.2   7.1   1.8   0.9  113   2rspb                           
   8.8   0.6   6.4   1.5   6.1  11.5   0.3   5.5   3.3   5.8   0.0   1.8   3.9   2.7   0.3  14.8  14.2   7.0   1.5   3.9  330   2er7e                           
   2.4   0.0   4.8   7.1   7.1   7.1   2.4   2.4  19.0  11.9   2.4   0.0   4.8   0.0   7.1   2.4   4.8   7.1   2.4   4.8  42   1htrp                            
   5.6   1.1   8.7   3.4   7.3  11.5   0.6   4.5   4.2   6.2   1.1   5.0   4.8   3.6   1.4   9.2   7.8   8.4   0.6   5.0  357   1mpp                            
   8.5   0.0   8.5   6.4   2.1   8.5   0.0   4.3  12.8   4.3   2.1   2.1   4.3   8.5   4.3   4.3   8.5   4.3   2.1   4.3  47   1hrnb                            
   9.6   6.7   7.2   2.4   7.2  11.5   0.5   2.9   3.8   2.9   0.5   5.7   7.2   4.3   5.3   7.2   4.8   5.3   2.9   2.4  209   1eng                            
  12.8   4.8   8.0   0.8   2.4   9.6   1.6   3.2   3.2   4.8   0.0   6.4   4.8   6.4   5.6   3.2   7.2   5.6   4.0   5.6  125   1bw4                            
   4.5   0.9   5.4  10.7   4.5   5.4   0.9   4.5  10.7   9.8   2.7   5.4   0.9   2.7   5.4   6.2   3.6   7.1   3.6   5.4  112   1dyna                           
   3.5   1.8   5.3   7.1   7.1   6.2   6.2   6.2  12.4   6.2   3.5   2.7   4.4   3.5   4.4   4.4   5.3   5.3   2.7   1.8  113   1pls                            
   8.0   3.4   9.1   5.7   6.8   6.2   1.1   2.8   5.7   6.2   2.3   5.1   2.8   4.5   6.8   5.7   4.5   6.8   2.3   4.0  176   1hbq                            
   4.6   2.3   5.8   6.9   2.9   8.7   3.5   4.0  11.6   3.5   0.0   6.4   3.5   1.2   0.6   6.9   4.0  11.6   2.9   9.2  173   1bbpa                           
   9.1   1.2   6.7   7.9   4.3   6.1   3.0   4.3   8.5  10.4   2.4   1.8   1.2   1.2   2.4   6.7   8.5   8.5   0.6   4.9  164   1epab                           
   4.5   1.9   7.0  12.7   5.7   5.7   3.2   7.0   5.7   9.6   1.9   7.6   1.3   1.9   5.1   6.4   5.7   3.8   0.6   2.5  157   1mup                            
   4.6   0.0   5.3  10.7   6.1   9.2   0.8   5.3  11.5   6.9   2.3   7.6   0.0   1.5   4.6   3.1   7.6   8.4   1.5   3.1  131   1ifc                            
   5.3   1.5   8.4   6.1   4.6   8.4   0.0   6.1  10.7   4.6   3.1   3.1   0.8   1.5   5.3   6.9   8.4  12.2   1.5   1.5  131   1lid                            
   6.9   0.0   9.9   3.1   3.8  12.2   0.8   2.3   9.9   4.6   1.5   4.6   0.8   2.3   1.5  10.7   6.9  12.2   0.8   5.3  131   1mdc                            
   4.4   2.2   3.6  12.4   3.6   5.8   0.0   5.1   9.5   7.3   2.2   5.1   2.9   2.2   5.1   5.1   9.5  10.2   2.2   1.5  137   1cbs                            
   7.2   0.8   9.6   5.6   7.2  10.4   1.6   4.0   8.8   5.6   4.0   4.8   3.2   4.0   1.6   4.0   5.6   7.2   0.8   4.0  125   2phy                            
  13.8   0.0   2.6   3.4   1.7  12.9   1.7   2.6   2.6   6.0   0.0   6.0   0.9   2.6   3.4   7.8  15.5   6.0   5.2   5.2  116   1srga                           
   3.3   1.6   4.1   4.9   5.7   8.9   0.8   5.7   6.5   5.7   1.6   8.1   1.6   1.6   5.7   7.3  17.1   5.7   3.3   0.8  123   1avda                           
   5.5   2.4   4.3   7.3   9.1  14.0   2.4   6.1   8.5   4.3   2.4   5.5   3.7   1.8   3.7   4.9   6.7   5.5   0.6   1.2  164   2cpl                            
   7.8   0.0   7.2   2.4   6.0   8.4   2.4   4.8   7.2   4.8   2.4   7.2   6.6   6.0   3.0   4.8   6.0  10.2   0.0   2.4  166   1clh                            
   5.5   1.0   6.8   3.7   3.9   8.7   1.8   6.3   7.3   5.2   1.6   8.1   2.6   2.1   3.9   8.9   8.9   7.9   1.6   3.9  381   2sil                            
   3.4   4.6   7.0   3.9   3.1   9.5   2.1   7.0   3.6   4.1   1.3   6.4   3.9   3.1   6.7  10.8   6.2   7.2   3.1   3.1  388   1ivd                            
   6.7   4.4   5.6   6.4   3.1  10.3   3.1   6.9   6.2   5.4   3.1   3.1   4.4   1.5   5.9   6.9   7.2   3.6   2.1   4.4  390   1nsca                           
   6.2   1.0   6.5   1.8   4.4  12.1   1.6   4.7   3.6   4.7   2.3   5.2   7.0   3.1   3.6  10.6   8.8   6.5   2.3   4.1  387   1gof2                           
   9.6   0.6   8.5   6.5   5.4   7.6   3.7   4.8   3.4   7.9   1.7   1.4   7.0   3.1   5.6   4.2   6.8   7.9   1.4   3.1  355   2bbkh                           
   8.6   1.1   6.5   3.0   3.9  12.3   2.1   2.8   7.4   7.7   3.5   6.0   5.3   3.2   2.5   4.0   6.8   6.1   3.7   3.9  571   3aaha                           
   6.7   4.0   4.9   6.7   4.9   8.0   3.1   7.1   8.0   7.1   1.8   1.3   6.7   1.3   4.0   6.2   7.1   9.8   0.4   0.4  224   2ohxa1                          
  12.8   0.0   3.1   7.7   3.1   7.7   2.6   8.7   5.6   9.2   0.0   2.6   5.1   4.6   3.6   8.2   5.1   6.6   0.0   4.1  196   1qora1                          
   4.3   4.9   5.5   3.7   5.5  12.9   1.2   3.7   4.9   8.0   0.0   4.3   3.1   3.7   7.4   8.6   6.1   6.7   3.7   1.8  163   1vmoa                           
   2.9   0.5   5.7   5.2   4.3   6.7   2.4   4.3   4.3   6.2   1.0   7.6   5.7   4.3   4.3   9.0   8.6   8.1   1.9   7.1  210   1dlc2                           
   6.5   0.6   7.3   2.8   3.4   9.6   2.3   6.5   8.2   5.6   0.3   6.8   2.5   2.0   2.3  11.3   9.3   7.3   1.1   4.5  355   1pcl                            
   3.3   0.6   6.7   6.7   6.1   3.9   1.7   4.4   6.1  15.6   0.6   7.2   5.6   5.6   5.6   6.7   5.0   4.4   0.0   4.4  180   1caua                           
   6.0   0.5   4.3   9.8   3.3   6.5   1.1   5.4   3.3  11.4   1.6   8.2   4.9   7.1   6.0   7.6   2.7   7.1   0.0   3.3  184   1caub                           
   6.6   1.5   2.9   9.5   3.6   6.6   2.9   6.6   8.0  11.7   2.2   2.2   2.9   5.8   4.4   6.6   4.4   6.6   1.5   3.6  137   3gapb1                          
   7.5   0.0   6.0  10.4   4.5   9.0   4.5   9.0  10.4   4.5   1.5   1.5   0.0   3.0   3.0   4.5   9.0  10.4   0.0   1.5  67   1wapb                            
   8.1   0.5   9.4   1.8   6.5   7.3   2.3   4.7   4.7   6.0   2.6   9.9   3.1   2.6   3.1   7.0   8.4   4.7   1.8   5.2  383   1cgt3                           
   7.6   2.0   9.9   2.5   3.7   7.9   2.0   5.4   3.4   6.8   2.0   5.9   4.5   4.5   2.0   6.2   7.4   5.9   2.5   7.6  353   6taa1                           
   6.0   2.5   6.0   5.0   4.5  10.2   2.0   4.5   4.2   5.2   2.2   7.2   4.5   2.2   6.5   6.0   4.2   9.0   4.0   4.2  402   1ppi1                           
   8.1   1.1   9.5   2.8   4.8  11.8   2.8   3.9   2.8   4.2   1.7   6.4   5.3   5.0   6.4   5.3   2.5   5.6   5.0   4.8  357   1amg1                           
   8.4   0.9   9.0   3.8   4.6  11.6   3.8   5.8   5.5   6.6   1.7   3.8   4.9   3.2   4.6   3.5   4.9   5.8   4.3   3.5  346   1amy1                           
   6.3   1.2   6.5   5.9   4.3   7.6   2.2   5.5   6.1   9.6   2.2   6.1   6.1   4.3   3.9   4.9   3.5   6.5   2.2   4.9  490   1byb                            
  14.1   0.3   3.9   2.6   4.2   9.8   0.3   5.6   3.3   7.2   1.6   8.8   4.9   3.6   4.2   7.8   4.9   6.9   0.7   5.2  306   1ghsa                           
  11.0   0.9   7.2   3.2   4.3   7.0   2.0   4.6   2.6   6.7   1.7   8.4   4.9   5.2   5.5   7.0   4.1   7.2   2.0   4.3  345   1xys                            
   3.5   0.3   7.6   7.3   5.9   5.9   3.1   8.3   8.0   7.6   0.3   5.9   5.9   3.1   2.8   6.9   5.9   6.6   1.4   3.8  289   1nar                            
   9.5   0.4   6.0   2.5   4.6   6.3   1.4   3.5   6.3   9.1   2.1   9.8   4.9   3.2   2.8   7.7   6.7   6.7   0.4   6.3  285   2ebn                            
   7.1   0.6   7.1   3.9   5.8  10.4   1.9   4.5   8.7   9.4   1.9   4.9   5.2   4.9   2.3   5.2   4.9   5.8   1.9   3.6  309   1ctn2                           
   6.6   1.4   5.7  10.0   3.7   6.3   3.2   4.6   8.0   8.9   2.6   4.0   5.2   2.3   4.3   4.3   5.2   8.3   1.1   4.3  349   1add                            
  12.5   1.8   6.2   5.5   2.3   8.6   4.9   6.5   1.8   8.3   2.6   3.4   4.4   3.6   4.9   4.7   8.1   7.3   1.0   1.6  385   2kauc2                          
  12.2   1.1   5.3   6.4   2.5   8.1   1.4   5.3   7.2   9.7   0.6   4.4   4.2   4.7   4.4   5.3   5.8   7.2   0.8   3.3  360   1fbaa                           
   6.0   2.2   4.8   7.3   3.5   5.1   2.9   5.7   7.9  10.8   1.6   4.8   6.3   4.1   3.5   5.4   4.8   7.9   1.9   3.5  315   1ads                            
  13.3   0.0   7.0   4.2   2.1   7.0   2.1   3.5   9.8   7.7   1.4   4.9   3.5   0.7   3.5  10.5   4.2  11.9   0.7   2.1  143   4enl1                           
  11.0   0.4   5.3   6.6   2.6   8.8   2.6   7.0   4.0   9.7   2.6   1.8   5.3   6.2   4.4   5.3   4.4   7.5   2.2   2.2  227   2mnr2                           
   9.8   0.8   7.0   6.6   2.5   6.6   1.6   4.9   2.9  11.5   2.5   2.9   4.1   3.7   7.0   9.4   4.9   8.2   0.8   2.5  244   1chra2                          
   9.3   0.0   5.5   7.8   4.5   8.5   2.5   5.3   6.5   7.5   1.5   5.5   5.0   3.3   5.3   4.5   4.0   6.8   2.0   4.8  399   1oyb                            
  12.9   0.3   4.9   5.7   4.0   7.1   1.1   7.4   4.6   8.6   3.4   2.6   3.7   3.1   6.9   5.7   6.0   8.0   1.4   2.6  350   1gox                            
   8.8   1.5   7.6   6.5   3.5   8.8   2.6   5.6   5.9   5.6   1.8   2.4   5.6   4.4   5.6   5.6   4.1   6.8   2.1   5.3  340   2tmda1                          
  12.3   1.2   6.7   5.2   4.0   4.0   2.8   7.5   4.4   9.9   1.6   3.6   3.6   6.3   6.0   6.3   3.2   7.1   0.4   4.0  252   1pii1                           
  14.9   1.2   4.8   6.0   4.8   6.9   2.0   7.3   3.2  10.5   2.0   4.0   6.5   4.0   4.8   5.2   2.4   6.5   0.0   2.8  248   1wsya                           
  11.5   1.9   4.8   5.8   2.9   4.8   4.8   8.7   3.8   5.8   4.8   3.8   3.8   2.9   5.8   6.7  10.6   4.8   0.0   1.9  104   1pkn1                           
   9.1   2.5   5.6   6.6   4.4  10.6   4.4   5.0   4.7   9.4   2.2   3.8   3.8   2.8   6.9   3.1   4.1   6.9   1.9   2.5  320   3rub2                           
  13.5   1.0   5.5   4.5   5.1  11.9   2.9   5.1   3.5   7.1   1.9   3.2   5.8   3.5   6.8   4.2   4.5   5.5   1.9   2.6  311   5rub2                           
  11.0   1.6   5.3   6.9   3.3  11.0   3.3   6.9   9.0   6.9   0.8   2.9   2.4   3.7   2.9   4.9   4.5   9.0   2.0   1.6  245   1tph1                           
  11.7   0.0   7.9   6.6   6.6  10.4   3.3   3.8   4.1   9.9   2.3   4.6   4.3   2.3   4.6   3.6   5.9   4.6   1.3   2.3  393   4xiaa                           
   7.9   0.9   6.6   6.6   5.7   2.6   3.9   5.7   7.0   9.2   3.1   8.8   2.2   4.4   2.6   6.1   4.8   6.6   0.9   4.4  228   1nfp                            
   5.8   1.3   6.4   6.4   2.6   8.3   5.8   5.1   3.8   8.3   3.8   4.5   5.8   1.3   7.1   5.1   7.1   6.4   1.9   3.2  156   2tmda2                          
   8.1   0.3   5.1   4.1   4.1  12.4   0.5   4.3   5.9   6.8   2.7   5.4   4.1   3.2   4.3   6.8   7.3   9.5   1.4   3.8  370   3cox1                           
   9.7   1.4   5.5   7.6   2.4  10.4   2.4   5.2   2.4  11.8   2.1   1.0   2.8   4.5  10.4   3.8   5.2   6.2   1.0   4.2  289   1pbe1                           
   8.7   0.6   5.9   5.3   1.9  11.8   3.1   4.7   3.1   8.4   0.9   5.9   5.0   2.8   4.0   6.8   7.5   8.7   1.6   3.4  322   1gal1                           
  10.5   1.1   5.3   6.3   2.6  11.1   3.7   6.8   3.2   8.9   2.6   5.3   4.2   3.7   3.7   3.7   9.5   3.7   0.5   3.7  190   1trb1                           
  12.1   0.8   6.2   5.0   2.5   9.6   2.9   4.6   5.4   7.9   1.7   5.4   3.8   2.5   4.2   5.0   6.2   9.6   1.7   2.9  240   2tpra1                          
  11.1   1.7   7.7   7.7   4.3  11.1   1.7   6.0   4.3   7.7   1.7   5.1   1.7   2.6   6.8   3.4   4.3   6.8   0.0   4.3  117   2tpra2                          
  11.4   1.3   5.2   5.7   2.2  11.8   2.6   6.6   7.9   8.3   1.3   2.2   3.1   2.2   3.1   6.6   5.7  10.5   0.0   2.6  229   3lada1                          
  10.9   0.0   6.7   6.7   3.4  10.9   0.0   5.0   9.2  10.1   0.8   1.7   3.4   5.9   1.7   2.5   5.0  15.1   0.8   0.0  119   3lada2                          
  11.3   1.6   6.5   5.4   1.1  12.9   2.7   9.1   8.1   5.4   0.5   2.7   3.8   2.2   2.7   5.4   4.8   9.1   0.5   4.3  186   1fcda1                          
  12.1   0.7   5.0   7.8   4.3   8.5   2.1   5.0   7.1   5.0   3.5   1.4   8.5   4.3   2.8   6.4   3.5   6.4   2.1   3.5  141   1fcda2                          
  12.5   0.0   6.2   8.6   4.7   7.8   0.0   4.7   8.6  11.7   4.7   6.2   2.3   1.6   3.1   3.1   3.9   7.8   0.8   1.6  128   3chy                            
  12.1   0.8   8.9   4.8   2.4   5.6   2.4   6.5   3.2  11.3   4.0   1.6   4.8   4.8   4.8   5.6   4.0   8.1   1.6   2.4  124   1ntr                            
  10.8   1.8   3.6   7.8   2.4  15.6   2.4  10.2   8.4   3.6   1.8   1.2   5.4   2.4   1.8   3.6   7.2   7.8   0.0   2.4  167   1scua2                          
  14.6   1.4   6.2   5.6   2.1  13.9   0.7   7.6   6.2   9.0   2.1   6.2   1.4   2.1   2.1   1.4   2.8  13.2   0.7   0.7  144   1scub2                          
   8.1   1.2  13.3   6.9   5.8   9.2   0.6   4.6   6.4   6.9   1.7   2.9   5.8   1.7   1.7   4.6   6.4   7.5   1.7   2.9  173   2fcr                            
  12.2   2.7  11.6   8.8   4.1  12.2   0.7   6.1   2.7   8.2   0.0   1.4   1.4   2.0   4.8   5.4   4.8   6.1   1.4   3.4  147   2fx2                            
   4.3   2.2   6.5  13.8   3.6  10.1   0.0  10.9   7.2   5.8   3.6   5.8   2.2   1.4   1.4   5.8   3.6   7.2   2.2   2.2  138   4fxn                            
   7.7   0.6   5.1   6.4   1.3   9.0   1.9   7.1   6.4   7.1   2.6   5.1   2.6   4.5   5.1   3.8   8.3  12.8   0.0   2.6  156   1bmta2                          
  13.8   2.0   6.1   3.1   3.1  12.2   0.5   6.6   3.1   8.7   0.5   5.1   4.6   2.6   6.6   6.1   7.1   4.6   0.5   3.1  196   1cus                            
   9.4   1.5   7.9   5.4   2.5   9.9   2.0   4.4   4.9   9.9   0.0   2.5   5.9   3.0   4.4   5.9   7.9   7.4   0.5   4.9  203   2nada2                          
  14.0   2.3  10.1   6.2   1.6   5.4   3.1  11.6   7.8   7.0   3.1   3.1   3.9   1.6   4.7   3.9   4.7   3.1   0.8   2.3  129   1gdha1                          
   6.9   0.6   5.6   9.4   5.6   6.2   0.6   5.0  10.6   8.8   6.9   3.8   3.1   3.1   3.1   3.8   4.4   4.4   3.1   5.0  160   1fnc2                           
   7.5   1.4   7.5   7.5   3.4   6.8   2.1   6.2   4.1   7.5   4.1   3.4   6.2   4.1   6.8   3.4   3.4   8.2   2.1   4.1  146   2cnd2                           
   6.7   1.7   8.3   5.8   7.5   7.5   5.0   3.3   5.0   7.5   3.3   0.0   5.8   2.5   6.7   6.7   6.7   5.0   2.5   2.5  120   2pia2                           
   7.0   0.9   6.0   7.0   4.7  10.2   1.9   6.0   5.1  11.2   2.8   3.7   2.3   4.2   7.0   4.7   7.0   3.7   1.9   2.8  215   2ts11                           
   4.8   2.4   6.9   7.9   4.2   5.7   3.6   7.3   5.1   8.2   2.1   5.4   4.2   3.0   7.3   5.1   5.7   4.5   1.5   4.8  331   1gtra1                          
   8.7   3.3   4.0   4.0   4.7  13.3   0.0   5.3   8.0   6.0   3.3   3.3   3.3   3.3   2.0   8.0   5.3  11.3   0.7   2.0  150   2ohxa2                          
  10.0   1.5   3.8   5.4   2.3  12.3   0.8   4.6   6.9  10.0   0.8   3.1   1.5   5.4   6.2   6.2   4.6   9.2   2.3   3.1  130   1qora2                          
  11.9   0.0   4.3   7.1   1.6  14.2   0.8   4.7   3.2   7.1   3.2   3.2   2.8   2.0   5.5   5.9   7.9  10.7   1.2   2.8  253   1hdca                           
  11.4   1.7   4.7   4.7   3.0  10.2   1.7   3.8   6.4   8.9   3.0   3.4   3.4   3.4   3.4   8.1   7.2   7.6   3.0   1.3  236   1dhr                            
   7.7   0.9   7.1   4.1   2.7   8.9   3.8   5.3   4.1   8.0   2.7   5.6   6.2   3.8   4.7   5.6   4.4   8.6   1.5   4.1  338   1udpa                           
   6.5   1.2   6.5   8.3   3.0   6.5   2.4   8.3   9.5   8.9   0.6   4.8   4.2   1.2   4.8   4.2   5.4   9.5   0.6   3.6  168   1hdgo1                          
   9.6   2.1   5.9   5.9   1.6   6.4   6.4   3.7   3.2   9.6   3.7   3.7   6.4   0.5   7.4   3.7   5.3   8.5   2.7   3.7  188   2nada1                          
  11.5   0.0   6.3   6.3   6.3   8.9   1.6   4.7   3.1  10.5   1.6   4.2   4.2   2.6   4.7   7.9   5.8   5.2   1.0   3.7  191   1gdha2                          
  12.9   1.4   4.8   2.7   2.0  10.2   0.7   6.8   8.2  10.2   1.4   4.1   5.4   2.7   2.0   4.8   6.1  12.2   0.0   1.4  147   2cmd1                           
  16.1   0.6   5.8   5.8   3.2   8.4   0.0   3.9   6.5  12.3   3.9   4.5   5.8   3.9   4.5   0.6   3.2   9.0   0.0   1.9  155   1bmda1                          
  12.6   0.7   5.6   5.6   2.1   8.4   1.4   9.1   4.2   7.7   2.8   3.5   6.3   4.2   4.2   4.9   5.6   9.8   0.0   1.4  143   1llda1                          
   8.5   2.3   8.5   4.5   3.4  12.5   1.7   8.0   7.4   9.1   2.8   4.5   3.4   2.3   4.5   4.0   2.3   8.0   1.1   1.1  176   2pgd1                           
   9.1   1.7   4.1   4.1   3.3  12.4   1.7  10.7   6.6   6.6   2.5   1.7   5.0   2.5   1.7   4.1  11.6   9.1   0.0   1.7  121   1scua1                          
  11.2   1.2   6.5   5.3   3.0   4.7   2.4   5.9  10.1   8.3   2.4   3.6   7.1   3.0   2.4   5.9   5.9   9.5   0.0   1.8  169   1pyda3                          
  15.8   0.0   4.4   4.9   2.2   3.8   0.5   4.4   7.1  11.5   0.5   5.5   6.0   5.5   4.9   4.4   5.5   6.0   1.6   5.5  183   1poxa3                          
   9.9   1.2   4.1   5.2   3.5   9.3   2.9   7.0   2.9  10.5   2.3   6.4   3.5   1.2   4.1   5.2   7.6   8.7   0.6   4.1  172   1pyda1                          
   6.6   0.0   5.1   5.6   5.1   8.7   1.5   7.7   6.1   9.7   2.0   5.6   4.1   6.1   2.0   4.6   9.2   4.6   3.1   2.6  196   1pyda2                          
  14.4   0.6   6.9   5.2   1.7   9.8   4.0   8.0   1.7   6.3   3.4   4.6   4.0   4.0   3.4   2.9   4.6   9.2   1.7   3.4  174   1poxa1                          
   9.6   0.5   7.4   5.3   4.8   6.4   2.7   8.5   4.3   6.9   2.1   7.4   5.3   7.4   3.2   2.7   4.3   8.5   0.0   2.7  188   1poxa2                          
   9.6   0.3   6.0   4.8   3.6   9.0   3.0   5.1   6.9  10.1   2.1   5.1   4.8   3.9   2.7   7.2   5.4   5.7   1.2   3.9  335   1trka1                          
  10.2   0.0   3.6   5.1   2.5   8.6   3.0   5.6   3.6   9.1   1.0   5.6   7.1   3.0   4.6  10.2   5.6   5.1   2.0   4.6  197   1trka2                          
   8.1   0.5   5.9   8.1   5.9   7.0   0.5   5.9  10.2   6.5   1.1   4.3   3.8   2.2   3.8  10.2   5.4   7.0   0.5   3.2  186   1gky                            
   5.1   2.0   8.2   7.7   6.1   6.6   1.0   7.7   8.7   7.7   1.5   3.1   3.6   4.1   6.6   7.7   3.1   7.7   0.0   2.0  196   1ukz                            
   5.9   0.0   5.5   6.4   3.2   7.3   2.3   5.5   6.4  11.8   1.8   3.6   5.9   4.5   7.3   4.1   7.7   6.4   1.4   3.2  220   2ak3b                           
   6.6   1.8   8.4   7.8   3.0   6.6   1.8   6.6   4.8   6.6   2.4   2.4   1.8   6.6   6.6   4.8   6.6   9.0   0.0   5.4  166   5p21                            
   5.1   2.6   6.7   6.2   7.2   4.6   3.6   9.2   8.2   7.2   3.1   5.1   1.0   3.1   4.1   5.6   6.7   7.2   0.5   3.1  195   1tadc2                          
   9.0   0.5   8.0   9.0   1.9   6.6   4.2   6.6   5.7   7.1   3.3   4.2   5.7   1.9   4.2   1.4   6.6   9.9   0.9   3.3  212   1eft1                           
   7.8   0.4   7.4   8.5   2.7   6.2   1.9   8.5   6.2   8.5   2.7   2.7   3.9   2.3   6.6   2.7   7.4   8.5   1.2   3.9  258   1efg1                           
  13.2   0.9   3.2   5.5   2.3   8.2   1.8   4.1   3.7  11.4   1.8   2.7   5.9   4.6   3.7   5.0   9.1   7.3   2.3   3.2  219   1dts                            
   9.5   2.5   6.0   9.5   2.1   9.9   0.7   7.8   5.7   7.4   4.9   4.6   2.8   2.5   4.6   3.5   3.9   8.8   0.0   3.2  283   1nipa                           
  11.9   1.1   5.2   7.5   2.6  10.1   0.4   7.8   7.1  10.1   2.2   3.4   2.2   4.5   4.5   5.6   4.1   6.7   0.4   2.6  268   2reb1                           
   5.2   1.9   7.5   4.7   8.0   1.9   3.3   5.2   5.6   9.4   2.8   5.6   4.2   4.7   4.2   7.0   5.2   7.5   1.4   4.7  213   3cla                            
  13.6   0.8   4.5   4.5   3.7   6.2   2.1   6.2   6.6  13.2   2.1   2.5   6.6   3.7   4.5   5.3   4.1   7.4   0.8   1.6  243   1eaf                            
   6.4   5.1   8.3   5.1   3.8   3.8   1.3   5.7   5.7   7.0   0.6   7.0   3.2   5.1   7.6   6.4   3.8   9.6   1.3   3.2  157   1pnt                            
   4.7   2.2   5.4   8.3   5.0   4.7   2.9   5.8   7.6   9.4   3.2   3.6   4.3   4.3   6.1   7.6   4.7   5.4   1.8   3.2  278   2hnq                            
   8.9   1.8   5.0   5.0   1.4   6.8   1.1   4.3   3.2   8.6   3.9   5.0   3.6   7.5   8.2   8.2   6.8   7.5   0.4   2.9  280   1yptb                           
  11.1   1.9  10.2   4.6   3.7   8.3   0.9   8.3   9.3  12.0   0.9   3.7   4.6   2.8   0.9   2.8   5.6   4.6   1.9   1.9  108   2trxa                           
  11.4   1.0   6.7   9.5   8.6   4.8   1.0   3.8  11.4   5.7   1.9   2.9   2.9   4.8   0.0   6.7   4.8  10.5   1.0   1.0  105   1mdka                           
  12.5   0.0   9.4   6.2   3.1  10.9   0.0   6.2   6.2   6.2   1.6   3.1   1.6   4.7   3.1   4.7   6.2   9.4   3.1   1.6  64   1dsba2                           
   8.2   2.4   9.4   7.1   4.7   7.1   1.2   5.9   7.1   4.7   1.2   2.4   3.5   9.4   4.7   2.4   4.7   8.2   1.2   4.7  85   1ego                             
   3.4   2.3   8.0   5.7   8.0   9.2   2.3   6.9  10.3   8.0   3.4   3.4   5.7   4.6   3.4   2.3   4.6   4.6   0.0   3.4  87   1aba                             
   4.9   2.2   4.9   7.1   7.1   7.7   1.1   3.3   3.8  11.5   1.6   6.0   7.7   2.2   7.7   4.9   5.5   7.7   1.1   2.2  183   1gp1a                           
   4.8   0.0   7.1   4.8   2.4   6.0   3.6   6.0   6.0  13.1   3.6   4.8   6.0   2.4   8.3   6.0   3.6   1.2   2.4   8.3  84   2gsta1                           
   3.9   2.6   5.2   5.2   5.2   5.2   1.3   2.6   3.9  13.0   3.9   1.3   9.1   6.5   7.8   5.2   6.5   3.9   2.6   5.2  77   1gsra1                           
  10.7   2.7   5.3   6.7   5.3   5.3   4.0   2.7   4.0   9.3   8.0   2.7   5.3   1.3   6.7   4.0   5.3   5.3   1.3   4.0  75   1gsq1                            
   5.7   0.4   6.9   6.1   4.2   8.0   1.9   8.8   7.3   9.6   2.3   6.9   2.3   2.7   5.0   8.4   3.4   6.1   0.8   3.1  261   1eria                           
   3.7   0.4   5.7   6.6   4.1   6.1   2.0  10.7   9.8   5.7   0.0   8.2   3.7   2.5   4.5   6.1   6.1   4.1   1.6   8.2  244   1rvaa                           
   4.0   1.5   4.0  11.5   4.5   4.5   1.0   8.5  10.5   9.0   2.5   7.0   4.5   2.0   2.5   6.0   6.0   4.5   1.5   4.5  200   1bam                            
   4.5   0.0   7.1   5.8   2.6   7.1   5.2  10.4   8.4  10.4   1.3   5.8   5.2   3.9   2.6   2.6   3.2   4.5   2.6   6.5  154   1pvua                           
  11.1   0.5   6.3   5.3   3.7   7.9   1.1   5.3   7.4   4.2   2.6   5.3   4.2   3.7   4.2   3.7   8.4  11.1   0.5   3.7  190   3hsc                            
   8.9   0.7   6.2   7.5   3.4   8.2   3.4   5.5   4.8   6.8   4.1   4.1   6.2   3.4   4.1   4.1   6.2   7.5   1.4   3.4  146   1atna1                          
   7.1   1.3   5.8   7.5   2.7   7.1   1.8   9.7   4.9   7.1   4.4   2.7   4.4   2.7   5.3   7.5   8.0   4.4   0.9   4.9  226   1atna2                          
   6.2   0.8   7.0   7.4   2.1   6.2   2.5   9.5   4.1   6.6   2.5   2.9   3.3   4.9   6.6   6.2   7.8   7.4   3.3   2.9  243   1glcg1                          
  12.6   1.2   3.7   8.1   3.7   9.8   1.2   4.5   4.1   8.1   3.3   5.3   2.4   3.3   6.1   2.4   6.5   7.3   2.0   4.5  246   1glcg2                          
  12.9   1.3   8.4   3.2   3.2   3.9   2.6   7.1   2.6   6.5   1.9   6.5   3.2   5.2  10.3   4.5   4.5   5.2   1.3   5.8  155   1chma1                          
   9.0   1.9   4.5   7.7   1.3   9.0   3.2   4.5   7.1   7.7   2.6   4.5   3.2   5.2   6.5   2.6   6.5   5.8   3.9   3.2  155   2rn2                            
   8.0   0.0   4.0   8.8   0.8   8.0   0.0   7.2   8.8   9.6   0.0   5.6   3.2   8.8   1.6   4.0   6.4   9.6   0.8   4.8  125   1hrha                           
  11.4   0.0   8.3   8.8   3.1   5.2   2.1   6.7   6.7  13.5   1.6   4.1   3.1   3.1   3.6   4.1   4.7   4.1   1.6   4.1  193   1dpi1                           
  13.3   1.3   4.4   3.2   2.5   7.6   1.9   8.2   4.4   8.2   1.9   2.5   3.8   8.9   5.1   5.1   4.4  10.1   0.0   3.2  158   1hjra                           
   3.5   1.8   5.0   7.3   4.4   5.6   2.9   3.8   5.6  13.2   2.9   3.8   7.0   4.7   5.0   7.0   5.8   3.8   2.0   5.0  342   1rpa                            
   7.4   2.2   5.2   6.9   2.2   8.2   2.6   8.2   4.8   6.5   2.2   2.2   3.9   3.0   6.1   9.1   6.1   9.5   0.0   3.9  231   1gph1                           
   4.2   1.9   9.8   4.2   4.2   7.5   2.3   7.0   7.5   9.8   2.8   3.7   4.2   1.4   5.1   5.1   4.7   9.3   0.0   5.1  214   1hmpa                           
  11.5   1.0   5.3   7.7   5.8   9.1   1.9   7.2   5.3  10.6   1.9   1.9   2.9   3.4   6.2   4.3   4.3   5.8   0.0   3.8  208   1sto                            
  11.6   1.3   5.1   6.8   5.1   7.6   1.5   4.3   4.5   9.6   2.0   5.8   3.8   4.0   5.6   5.3   5.6   6.6   1.3   2.8  396   1ars                            
   9.4   1.4   5.9   7.7   4.7   8.2   2.6   6.6   6.1   7.3   4.7   3.8   2.6   3.5   5.2   4.0   3.8   7.3   0.2   5.2  426   1tpla                           
  11.6   1.2   6.3   5.6   3.5  10.9   1.9   5.8   2.6  12.1   3.0   2.1   4.4   1.9   7.7   5.1   5.1   6.3   0.5   2.8  431   2dkb                            
   4.4   1.3   4.5   6.2   6.4   8.3   2.3   4.0   4.7   9.3   2.8   6.6   6.1   2.8   4.5   8.0   4.2   7.6   2.7   3.2  528   1ack                            
   9.7   1.3   8.4   5.8   7.4   5.8   1.6   4.5   3.9   9.0   3.5   3.2   7.4   4.2   4.8   4.2   5.2   4.5   1.9   3.5  310   1ede                            
   7.1   1.4   6.8   7.5   5.1   5.4   4.4   5.1   4.1  11.6   1.7   5.8   2.7   2.4   4.1   5.8   7.1   7.8   1.4   2.7  294   1thta                           
  11.4   1.9   4.4   1.3   3.2   8.2   0.3   3.5   2.8   9.8   1.3   4.4   9.5   5.7   2.5   9.8   8.5   7.3   1.6   2.8  317   1tca                            
   6.4   2.6   5.7   4.9   3.8   6.8   2.3   6.0   2.6   8.3   0.4   4.2   4.9   3.0   3.8   9.1   9.8   8.3   1.5   5.7  265   3tgl                            
   7.8   2.2   7.1   4.5   5.6  10.4   2.2   5.9   2.6   7.4   0.0   7.1   4.5   2.2   5.2   6.3   7.1   6.7   1.5   3.7  269   1tib                            
   8.8   0.9   6.4   3.4   5.8  10.5   0.9   5.4   3.7   9.0   2.6   6.0   5.8   3.0   2.6   8.4   6.7   5.2   0.9   3.7  534   1crl                            
  11.3   0.6   5.3   1.6   2.5  10.7   2.8   3.1   1.9   9.7   0.3   4.7   3.1   5.3   3.5   8.2  11.0  10.1   0.9   3.1  318   1taha                           
   6.5   3.6   6.2   4.5   6.5  10.4   2.7   5.6   4.5   5.0   0.9   6.8   5.9   2.7   4.2   7.1   5.0   6.8   1.5   3.6  337   1lpbb1                          
   9.8   1.6   7.4   4.7   5.1   9.0   3.5   3.9   2.7   7.8   1.2   4.7   5.5   2.0   4.7   7.0   3.9   6.6   2.0   7.0  256   1whta                           
   8.5   1.3   5.2   2.6   2.0   7.8   3.3   3.3   1.3   8.5   2.6   2.6   6.5   4.6   6.5   5.9   9.2   7.2   3.9   7.2  153   1whtb                           
   6.5   0.7   5.2   4.6   5.2   7.5   2.6   6.8   4.9   7.8   1.0   4.2   3.3   3.9   3.6  10.4   8.5   4.9   2.3   6.2  307   2ctc                            
  11.0   0.7   6.2   4.5   3.4   6.9   2.4   4.8   3.1   5.8   2.4   4.8   4.1   6.2   1.7  11.0   9.3   5.5   1.7   4.5  291   1amp                            
   2.7   0.5   4.8   8.6   4.8   7.0   1.6   4.8   9.1  10.2   3.2   5.4   6.5   3.8   4.3   6.5   3.8   7.5   1.6   3.2  186   1drf                            
   8.2   1.3   8.8   6.9   3.8   6.3   3.1   7.5   4.4   6.9   3.1   3.1   6.3   2.5   5.7   5.7   3.8   6.9   3.1   2.5  159   4dfra                           
   9.3   0.0   8.0   4.3   4.9   6.2   4.3   3.1   5.6   8.6   1.2   3.1   4.3   5.6   4.9   2.5   8.6   9.9   2.5   3.1  162   3dfr                            
   9.2   1.4   6.0   8.5   2.4   9.7   1.2   8.9   7.5   7.5   2.9   3.6   4.8   2.7   4.1   2.9   4.3   7.2   1.4   3.6  414   7icd                            
  12.5   0.0   4.3   9.6   4.1  10.4   1.7   3.2   4.6  11.0   1.7   1.4   7.2   0.6   6.7   4.6   3.8  10.1   0.9   1.4  345   1hex                            
  10.0   0.7   5.3   4.0   4.0   6.0   3.3   5.3   4.7  11.3   1.3   5.3   4.0   5.3   4.0   9.3   8.7   6.0   0.0   1.3  150   8atca1                          
  11.9   0.0   8.1   5.0   3.8   3.8   3.8   4.4   5.0  13.1   3.8   4.4   3.8   3.8   5.6   3.8   3.1   8.1   1.2   3.8  160   8atca2                          
   5.1   1.0   4.7   9.5   3.7   6.1   2.7   5.4   5.4   9.2   3.4   4.7   2.0   4.7   5.8   8.1   7.5   8.1   0.3   2.4  295   2at2a                           
   5.6   1.9   6.2   8.1   4.1   9.4   2.4   7.7   7.5   6.0   3.2   3.2   4.1   2.1   5.4   6.0   3.9   6.9   1.9   4.5  467   1mina                           
   5.6   1.5   6.9   6.3   5.7   7.5   3.1   4.4   7.5   8.6   3.8   4.0   5.0   3.6   4.0   4.8   6.1   6.5   1.7   3.3  522   1minb                           
   6.1   0.0   6.7   6.4   6.1   3.4   1.5  10.4  10.4   7.3   3.4   7.6   2.7   3.0   3.7   6.4   4.0   6.4   0.9   3.7  328   1bgu                            
   7.5   1.1   5.8   7.8   4.6   5.7   2.7   6.1   5.6   9.2   2.6   5.6   4.1   3.4   7.3   3.2   4.4   7.4   1.5   4.4  822   1gpb                            
  13.7   0.0   7.7   4.1   2.6   8.9   1.1   4.8   8.9   9.2   1.5   5.9   3.3   6.3   2.2   3.3   4.8  10.7   0.0   1.1  271   2dri                            
  10.2   0.3   6.9   6.6   3.9   9.5   1.0   5.2   9.8   7.2   3.0   3.3   4.9   3.6   2.6   4.6   5.2   8.5   1.6   2.0  305   8abp                            
  12.9   0.0   9.4   4.5   1.9   7.1   1.0   4.9  10.0   7.4   2.3   6.8   3.2   4.9   1.9   4.5   4.2   8.7   1.6   2.6  309   1gca                            
  12.8   0.6   7.6   4.9   2.9   9.9   1.2   5.8   8.4   6.7   1.5   4.1   4.4   5.8   2.0   4.1   5.2   7.6   0.9   3.8  344   2liv                            
   9.6   1.4   6.7   6.2   1.4   7.7   1.4   5.8   3.4  14.4   1.4   2.9   5.3   2.9   9.1   6.2   2.9   9.1   0.5   1.4  208   1pda1                           
  10.4   0.0   8.4   6.1   3.9   6.8   1.9   5.8   9.1   6.8   0.0   5.8   3.9   3.2   3.2   5.5   5.2   7.8   2.3   3.9  309   1sbp                            
   7.7   0.4   7.5   5.6   3.1   4.3   2.1   4.4   8.3   8.5   0.6   7.0   6.0   3.5   3.3   5.4   5.8   8.5   2.5   5.4  517   1olba                           
  11.9   0.0   6.5   7.3   4.1   7.8   0.8   6.2  10.0   8.1   1.6   5.7   5.7   2.4   1.6   3.2   5.4   5.4   2.2   4.1  370   1omp                            
  10.1   0.8   7.6   7.1   5.0   8.8   0.4   6.3   9.7   7.6   1.3   3.4   3.8   5.0   3.8   4.6   5.5   5.5   0.4   3.4  238   1hsla                           
  10.9   0.0   6.5   4.7   3.7  10.6   0.3   5.3   9.7   7.5   0.0   5.3   4.7   4.4   1.2   5.9   6.2   6.9   2.5   3.7  321   1pbp                            
   9.5   3.7   6.7   5.8   3.7   7.3   2.1   4.6   8.2   7.6   0.9   3.7   4.0   4.0   3.7   7.6   5.5   6.4   1.5   3.7  328   1nnt                            
  10.7   2.2   5.4   7.1   3.6   8.0   0.4   5.8   6.7   9.4   0.9   8.9   4.0   3.1   4.9   5.8   3.1   7.1   0.0   2.7  224   1pxtb1                          
  11.3   2.4   4.0   4.8   3.2  12.1   1.6  11.3   4.8   9.7   2.4   3.2   5.6   4.8   3.2   0.8   4.0   8.1   0.0   2.4  124   1pxtb2                          
   6.7   3.8   5.8   5.8   3.8  11.5   2.9   1.9   1.9   2.9   0.0   8.7   3.8   1.9   1.0  14.4   5.8   7.7   1.0   8.7  104   9rnt                            
   6.2   3.1   7.3   5.2   3.1   8.3   2.1   5.2   0.0   6.2   0.0   2.1   6.2   5.2   5.2   7.3  12.5   6.2   0.0   8.3  96   1gmpa                            
   6.5   0.0   8.4   2.8   3.7   9.3   1.9   6.5   7.5   6.5   0.0   5.6   2.8   2.8   5.6   8.4   8.4   3.7   2.8   6.5  107   1bsaa                           
  10.7   0.0   8.9   8.9   3.6   7.1   0.0   1.8  10.7   5.4   1.8   5.4   0.0   1.8   0.0   0.0  19.6   7.1   1.8   5.4  56   1pga                             
  11.5   0.0   6.4  15.4   5.1   6.4   0.0   3.8  10.3   3.8   0.0   6.4   2.6   1.3   0.0   3.8  14.1   3.8   0.0   5.1  78   2ptl                             
   2.6   0.0   6.6   7.9   2.6   7.9   1.3   9.2   9.2  11.8   1.3   2.6   3.9   7.9   5.3   3.9   9.2   5.3   0.0   1.3  76   1ubi                             
   8.2   5.2   6.2   7.2   3.1   6.2   1.0   3.1   3.1   7.2   2.1   5.2   3.1   1.0   9.3  12.4   8.2   8.2   0.0   0.0  97   2pia3                            
   4.1   5.1   8.2  10.2   3.1   7.1   2.0   8.2   5.1   7.1   1.0   3.1   3.1   6.1   2.0   8.2   7.1   6.1   0.0   3.1  98   1frd                             
   8.5   5.7   8.5   5.7   0.9   7.5   1.9   5.7   2.8   5.7   2.8   3.8   3.8   3.8   4.7   6.6   4.7  13.2   0.9   2.8  106   1put                            
   2.0   0.0   6.9   6.9   3.0   5.0   3.0   9.9  12.9   8.9   1.0   4.0   6.9   4.0   2.0   6.9   7.9   2.0   2.0   5.0  101   1tssa2                          
   9.7   6.5   4.0   4.0   2.4   2.4   3.2   2.4   8.1   1.6   3.2   8.1   3.2   5.6   3.2  12.1   8.1   7.3   0.0   4.8  124   7rsa                            
   2.9   7.7   5.8   2.9   5.8   2.9   2.9   5.8  11.5   4.8   1.0   7.7   3.8   1.9   2.9   7.7   9.6   7.7   1.0   2.9  104   1onc                            
   4.1   4.9   4.9   3.3   4.1   6.5   4.9   5.7   5.7   4.9   0.8   7.3   6.5   4.9  10.6   7.3   5.7   4.1   0.8   3.3  123   1ang                            
   9.2   0.0   6.9   3.1   4.6   9.2   1.5   6.9   6.9   5.4   3.1   6.9   5.4   4.6   3.1   3.1   9.2   3.1   3.1   4.6  130   3cox2                           
   7.8   1.0   2.9   9.8   4.9   3.9   2.0   2.0   4.9  11.8   0.0   1.0   8.8   2.0   7.8   7.8   4.9   9.8   2.9   3.9  102   1pbe2                           
   9.2   1.5   6.2   3.1   1.5   9.2   1.5   6.2   3.1   4.6  10.8   1.5   4.6   3.1   3.1   9.2   4.6  12.3   0.0   4.6  65   1gal2                            
   1.6   0.0   3.2   4.8   6.3   6.3   4.8   0.0   3.2   6.3   0.0   7.9   9.5   3.2   6.3   3.2   6.3  17.5   0.0   9.5  63   1csei                            
   4.4   2.9   1.5   4.4   1.5  10.3   1.5   7.4   7.4   4.4   0.0   5.9   8.8   1.5   8.8   8.8   2.9  14.7   2.9   0.0  68   1tin                             
   4.5   0.0   6.8   6.8   4.5   6.8   0.0   4.5   9.1   9.1   0.0   2.3   9.1   2.3  11.4   4.5   2.3   4.5   0.0  11.4  44   3mona                            
   8.2   0.0   4.1   6.1   7.1   3.1   5.1   2.0   9.2   6.1   2.0   5.1   5.1   7.1   2.0   7.1   7.1   9.2   0.0   4.1  98   1stfi                            
   6.5   3.7   4.6   7.4   2.8   4.6   0.9   5.6   6.5   7.4   1.9   3.7   4.6   6.5   5.6   9.3   4.6   8.3   0.9   4.6  108   1cewi                           
   2.9   5.9   2.9  10.3   4.4   2.9   2.9   7.4  11.8   8.8   0.0   4.4   5.9   2.9   7.4   5.9   2.9   7.4   1.5   1.5  68   3il8                             
   7.2   5.8   5.8   5.8   4.3   1.4   0.0   0.0   4.3   5.8   1.4   2.9   8.7   5.8   4.3  11.6   5.8  10.1   1.4   7.2  69   1huma                            
   6.9   1.7   6.4   8.7   3.5   6.4   1.2   8.7   6.4  10.4   1.7   2.3   6.4   3.5   5.8   3.5   7.5   5.8   1.7   1.7  173   2glt2                           
  10.7   1.2   4.9   8.2   3.3   9.4   1.6   4.9   6.1  10.2   2.0   2.9   4.9   5.7   5.7   2.5   4.5   7.8   0.8   2.5  244   1scub1                          
   7.4   0.0  11.1   3.7   0.0  11.1   0.0   7.4   7.4   6.2   2.5   6.2   2.5   2.5   4.9   6.2   6.2   7.4   1.2   6.2  81   1pyaa                            
   9.2   0.9   7.0   8.3   3.5   8.3   0.9   6.1   6.1   6.1   3.9   3.1   7.0   3.1   3.1   7.0   4.8   4.8   2.2   4.4  228   1pyab                           
   7.5   1.9   6.9  11.2   8.8   5.6   1.9   3.1   3.8   6.9   1.9   5.0   1.9   4.4   8.8   4.4   4.4   5.6   1.9   4.4  160   1dlha1                          
   7.7   1.6   6.0   9.8   2.2   9.3   1.6   2.2   3.8   8.7   1.6   3.3   3.3   4.4   9.3   4.4   6.0   4.9   2.7   7.1  183   1vaaa1                          
   9.1   0.0   2.6   9.1   2.6  10.4   1.3   6.5  10.4   6.5   0.0   6.5   3.9   1.3   7.8   1.3   3.9  16.9   0.0   0.0  77   1pkp1                            
  12.6   1.1   3.4  12.6   0.0  11.5   2.3   8.0   0.0  10.3   2.3   4.6   3.4   4.6   9.2   3.4   3.4   4.6   1.1   1.1  87   1pda2                            
  10.3   0.0   2.9   5.9   2.9  14.7   2.9  13.2   5.9   8.8   1.5   2.9   5.9   1.5   2.9   7.4   4.4   5.9   0.0   0.0  68   1pkp2                            
   6.5   0.0   4.1   8.1   4.1  13.0   1.6   8.9   8.9   2.4   2.4   0.8   7.3   4.9   3.3   4.9   3.3  11.4   0.0   4.1  123   1efg3                           
   4.7   0.9   5.6   6.5   4.7  12.1   2.8   4.7   7.5   6.5   2.8   0.9   6.5   4.7   5.6   4.7   6.5   8.4   0.9   2.8  107   1fkf                            
  11.1   0.0  13.3   2.2   2.2  11.1   0.0   4.4   6.7  11.1   2.2   8.9   0.0   4.4   2.2  11.1   0.0   4.4   2.2   2.2  45   1ctn3                            
   4.2   0.0   9.7  11.1   4.2   6.9   0.0   9.7   4.2   5.6   1.4   6.9   2.8   2.8   4.2   4.2   4.2  15.3   0.0   2.8  72   1grj2                            
   8.0   3.2   4.0   6.4   3.2   7.2   4.0   6.4   7.2   4.0   4.8   2.4   4.8   1.6   2.4   8.8   5.6  10.4   0.0   5.6  125   2tpra3                          
  21.0   0.0   4.0   6.5   4.0   9.7   4.8   6.5   3.2   6.5   3.2   1.6   4.0   2.4   1.6   4.0   4.0  11.3   0.0   1.6  124   3lada3                          
  10.8   1.4   6.8   4.1   1.4   8.1   1.4   6.8   0.0   4.1   0.0   5.4   9.5   1.4   2.7   9.5   5.4   9.5   2.7   9.5  74   1fcda3                           
  16.9   0.8   3.8   3.1   1.5   7.7   2.3   3.8   3.8  15.4   3.8   2.3   5.4   0.8   3.8   3.1   6.9  10.8   0.8   3.1  130   2mnr1                           
  12.2   0.3   7.1   6.5   4.4   9.2   2.7   5.8   7.5   9.9   1.0   4.1   3.7   2.7   3.1   5.8   4.8   5.8   1.4   2.0  294   4enl2                           
  13.4   0.8   3.1   6.3   0.8  10.2   1.6   7.9   3.9   8.7   3.1   1.6   3.9   3.1   3.9   6.3   5.5  12.6   0.8   2.4  127   1chra1                          
   6.5   1.3   7.8   3.3   5.9  11.8   3.3   2.0   4.6   5.9   3.3   5.9   4.6   2.0   2.6   6.5   7.8   7.2   1.3   6.5  153   1ezm1                           
   9.0   0.0   9.0   1.3   3.2  11.6   3.2   3.9   1.9   5.2   0.6   7.1   1.9   3.2   3.2   6.5   9.7   7.1   1.3  11.0  155   8tlne1                          
   5.0   2.0   6.5   5.5   3.0   8.5   3.5   8.0   1.5   6.0   3.0   5.0   2.5   5.5   3.0   8.5   7.0   6.0   1.5   8.5  200   1iae                            
   3.5   2.0   5.0   4.5   3.5   6.0   3.0   9.0   5.0  10.0   3.0   7.5   3.5   3.5   7.0   9.0   4.0   6.0   1.5   4.0  201   1iag                            
   8.6   0.0   7.0   4.1   4.9  10.7   3.7   3.7   3.3   6.2   0.4   7.0   3.3   7.8   2.5   6.2   8.2   3.7   2.1   6.6  243   1srp1                           
   7.6   0.0   9.6   5.1   5.1   9.6   5.7   5.7   1.3   7.0   1.3   4.5   5.7   4.5   5.7   6.4   5.7   3.8   1.9   3.8  157   1hfc                            
  16.4  14.5   9.1   5.5   0.0   9.1   0.0   9.1   0.0   0.0   0.0   1.8   7.3   3.6   1.8   5.5   1.8  10.9   0.0   3.6  55   1fca                             
  12.5   7.8   9.4  18.8   3.1   3.1   1.6   6.2   4.7   0.0   3.1   0.0   4.7   4.7   1.6   3.1   1.6   9.4   1.6   3.1  64   1fxra                            
   5.0   0.0   6.0   9.0   3.0   6.0   2.0   9.0   7.0  12.0   2.0   6.0   5.0   3.0   5.0   5.0   7.0   6.0   0.0   2.0  100   2atcb1                          
   3.7   0.0   8.6  14.8   6.2   2.5   6.2   6.2   4.9   7.4   0.0   6.2   2.5   4.9   3.7   6.2   3.7   9.9   1.2   1.2  81   1pba                             
  10.5   0.0   4.2   8.4   5.6   7.0   2.8   9.8   7.0   7.0   2.1   3.5   4.2   4.2   4.9   5.6   4.2   6.3   0.0   2.8  143   1nhkl                           
   6.2   0.0   5.2   7.2   2.1   9.3   1.0   7.2   6.2   8.2   1.0   6.2   5.2   4.1   8.2   6.2   6.2   6.2   0.0   4.1  97   1sxl                             
   5.9   1.2   4.7   3.5   7.1   3.5   1.2   9.4  10.6   8.2   3.5   5.9   3.5   4.7   5.9   8.2   4.7   3.5   0.0   4.7  85   1nrca                            
   7.1   3.5   3.5   2.4   8.2   7.1   3.5   4.7   4.7   5.9   1.2   5.9   4.7   7.1   7.1   7.1   8.2   4.7   1.2   2.4  85   2bopa                            
   9.8   0.8   5.7   7.4   4.9   6.6   0.0   4.1   4.1   8.2   0.8   1.6   6.6   2.5   6.6   4.1   9.0   9.0   0.8   7.4  122   3rub1                           
  14.4   0.8   7.2   7.2   4.0   8.0   2.4   4.0   4.8   8.0   4.0   3.2   2.4   1.6   4.0   4.0   5.6   7.2   0.0   7.2  125   5rub1                           
   3.1   1.0   3.1   7.1   4.1   8.2   0.0   3.1   9.2   3.1   2.0   5.1   3.1   3.1   7.1  13.3   6.1  12.2   2.0   4.1  98   1aps                             
   6.2   0.0   5.2  11.3   2.1   3.1   0.0   5.2   4.1  11.3   3.1   6.2   5.2   6.2  12.4   2.1   0.0  10.3   1.0   5.2  97   1ris                             
   5.6   0.0   4.5   9.0   5.6   9.0   1.1   6.7   3.4   6.7   5.6   2.2   5.6   6.7   7.9   2.2   4.5  10.1   0.0   3.4  89   1efg4                            
   8.1   1.2   6.1   8.9   3.3   8.9   4.5   7.3   3.3   8.9   3.7   4.1   4.1   2.0   5.3   3.3   5.3   6.9   1.2   3.7  246   1chma2                          
   5.3   2.7   6.5   8.4   2.3   8.4   3.4   9.9   6.8   6.1   3.0   3.0   4.2   1.9   4.9   4.6   6.1   9.1   0.4   3.0  263   1mat                            
   9.1   0.6   3.0   9.1   4.2  12.7   0.6   4.2   5.5  10.9   1.2   3.0   3.0   6.7   3.6   6.1   5.5   9.7   0.0   1.2  165   2cmd2                           
  13.4   0.0   5.2   8.7   2.9   8.1   2.3   6.4   4.1   6.4   3.5   2.3   4.1   3.5   7.0   4.7   5.2   7.6   2.3   2.3  172   1bmda2                          
   9.5   0.6   6.5   5.9   2.4   7.7   3.6   7.7   5.3   8.3   2.4   6.5   4.7   3.0   3.6   6.5   5.9   7.1   1.2   1.8  169   1llda2                          
  11.3   0.0   3.6   4.0   3.6   4.5   0.4   7.7   4.0  10.1   1.6   7.7   3.2   4.0   5.3  10.5   6.5   6.1   0.4   5.3  247   1mrj                            
   6.1   1.5   4.2   4.2   3.1   5.7   1.1   7.3   8.4   9.2   2.3   9.6   4.2   3.1   3.4   6.1   8.4   6.1   0.8   5.0  261   1apa                            
   6.5   0.5   5.9   4.9   2.7   9.7   4.3   5.4   0.5   6.5   1.6   5.4   6.5   3.8   9.7   6.5   3.2   4.9   1.6   9.7  185   1ltsa                           
   7.5   0.5   7.0   8.0   3.7  10.2   0.5   3.2   8.6   6.4   2.1   4.8   3.2   3.7   2.1   9.1   4.8   8.0   1.1   5.3  187   1ddt1                           
  10.8   0.9   2.7   7.7   3.2   7.2   2.3   3.6   0.0   3.6   1.8   5.9   3.2   3.2   9.5   9.5   7.7   8.6   0.5   8.6  222   1prta                           
   0.0   2.4   7.3   9.8   2.4   2.4   0.0   9.8   4.9   4.9   0.0   7.3   0.0   9.8   7.3   9.8   7.3   4.9   0.0   9.8  41   1ltsc                            
   8.7   2.7   4.0   9.4   4.7   6.7   2.7   4.7   9.4   6.7   2.7   6.7   2.7   2.0   2.7   6.7   7.4   6.7   1.3   1.3  149   1rtm1                           
   5.9   3.4   4.2  10.2   0.0   3.4   0.8   5.9   8.5   5.1   1.7   7.6   3.4   4.2   4.2   6.8   5.1   5.9   5.1   8.5  118   1esl1                           
   9.3   2.3   2.3   3.5   3.5  16.3   0.0   9.3   2.3   8.1   0.0   2.3   7.0   5.8   5.8   1.2   9.3   2.3   1.2   8.1  86   1prtc1                           
   5.0   0.0   5.0   6.9   4.0   9.9   4.0   4.0   5.9  10.9   2.0   6.9   4.0   3.0   5.9   4.0   5.9   5.9   1.0   5.9  101   1ayaa                           
   5.5   0.0   2.8   6.4   1.8   9.2   7.3   4.6   2.8   9.2   0.0   4.6   3.7   0.9   8.3  15.6   4.6   5.5   0.9   6.4  109   1ab2                            
   5.7   1.0   2.9   9.5   2.9   5.7   4.8   4.8   6.7   7.6   3.8   4.8   4.8   3.8   8.6   9.5   1.9   4.8   1.0   5.7  105   2plea                           
  13.8   0.0   6.9   8.0   1.1   9.2   1.1   5.7   8.0   8.0   3.4   5.7   1.1   2.3   1.1   6.9   8.0   6.9   0.0   2.3  87   1spha                            
  10.6   0.0   1.2  10.6   4.7   7.1   2.4   3.5   8.2   9.4   2.4   2.4   2.4   7.1   1.2   7.1  11.8   8.2   0.0   0.0  85   1poh                             
   7.4   0.8   4.9   7.4   4.1   9.0   1.6   2.5   2.5  15.6   3.3   1.6   8.2   4.1   7.4   4.9   6.6   7.4   0.8   0.0  122   2pola1                          
   4.9   0.8   5.7   6.6   4.9   8.2   3.3   5.7   2.5   9.0   4.9   3.3   4.9   4.9   7.4   6.6   5.7   8.2   0.0   2.5  122   2pola2                          
  10.7   1.6   4.9   9.8   2.5   3.3   0.8   4.1   4.9  10.7   4.1   6.6   3.3   4.1   5.7   7.4   2.5   9.8   0.0   3.3  122   2pola3                          
   6.3   3.2  11.9   7.1   5.6   4.0   0.8   8.7   6.3  13.5   2.4   3.2   1.6   3.2   4.0   5.6   5.6   5.6   0.0   1.6  126   1plq1                           
  10.3   0.6   3.9   9.3   3.5   7.7   2.3   2.6   2.6  12.9   2.6   2.6   6.1   3.2   9.0   4.5   3.5   6.1   1.6   5.1  311   1srya2                          
   6.5   0.8   6.2   9.9   7.1   6.5   2.8   4.5   6.2  10.2   2.5   2.5   5.9   2.5   6.8   4.5   4.2   5.4   0.0   4.5  353   1asza2                          
   4.8   0.8   3.2   7.1   3.2  11.1   2.4   4.8   7.9   5.6   3.2   3.2   2.4   6.3   3.2   7.9   7.1   7.1   1.6   7.1  126   1vil                            
  10.6   2.1   6.4   8.5   4.3   7.4   1.1   4.3   9.6  10.6   0.0   4.3   5.3   2.1   3.2   8.5   3.2   5.3   1.1   2.1  94   1svr                             
  16.0   0.0   4.8   2.4   3.2  12.0   0.8   7.2   5.6   4.8   0.0   5.6   1.6   3.2   3.2   5.6   9.6   8.8   1.6   4.0  125   2acg                            
   7.9   2.2   5.8   2.9   3.6  11.5   1.4   5.0   6.5   7.9   4.3   4.3   2.9   2.9   3.6   6.5   8.6   7.9   1.4   2.9  139   2btfp                           
   5.9   0.6   5.6   7.6   7.3   5.9   2.3   6.2   9.7   9.4   1.8   4.4   3.8   4.4   4.4   4.7   4.4   5.9   1.8   4.1  341   1apme                           
   5.6   1.3   5.6   8.6   5.0   6.9   2.3   3.3   5.3   9.2   5.0   4.0   5.3   3.0   5.9   6.3   4.6   8.6   1.7   2.6  303   1irk                            
   6.6   3.3   2.8   4.7   1.9  13.2   0.9   5.7   4.7   5.2   0.0   6.1   4.7   4.7   5.7   6.1   3.8   8.5   2.4   9.0  212   1ppn                            
   3.9   4.9   4.9   6.8   2.4  13.7   3.4   4.4   4.4   4.4   2.0   4.9   5.9   1.5   2.9   8.8   4.4   7.3   2.9   6.3  205   1hucb                           
  10.2   0.0   9.4   7.4   2.7   5.5   0.4   5.5   8.2  10.5   1.2   4.7   4.3   2.7   5.9   4.3   7.8   5.9   1.2   2.3  256   4blma                           
  12.3   0.0   3.6   4.5   1.9   8.4   1.4   4.2   5.3   8.1   3.3   4.2   7.5   5.0   3.1   5.0   6.1   8.6   3.1   4.5  359   2blta                           
   9.5   0.6   6.6   2.3   3.5   8.6   2.3   2.6   2.3   9.5   2.3   4.6   3.5   5.2   4.3   8.4  10.7   8.6   0.6   4.0  347   3pte                            
  14.4   2.9   5.8   1.6   5.3  12.3   2.1   4.5   2.9   3.7   0.8   3.3   5.8   4.5   5.8   6.6   5.3   4.9   2.5   4.9  243   2baa                            
   9.3   6.2   5.4   1.6   1.6   8.5   1.6   4.7   5.4   6.2   1.6  10.1   1.6   2.3   7.8   7.8   5.4   5.4   4.7   3.1  129   2ihl                            
   9.9   0.0   6.2   4.9   3.1   6.8   0.6   6.8   8.0   8.6   3.1   6.8   1.9   3.1   8.0   3.7   7.4   5.6   1.9   3.7  162   1l92                            
   8.1   2.2   6.5   3.2   1.6  11.4   2.7   7.0   9.7   3.8   1.6   4.3   2.7   4.3   5.9   4.9   7.6   5.9   1.6   4.9  185   1gbs                            
   9.1   1.9   5.0   5.6   2.8   8.1   1.2   7.5   7.8   8.8   2.8   4.7   4.7   1.9   4.1   5.3   5.3   8.8   0.0   4.7  320   1frpa                           
   8.5   2.6   4.8   7.4   3.3   8.1   1.5   7.7   5.9   5.9   4.0   3.7   3.3   3.3   4.0   6.2   5.9  10.7   1.1   2.2  272   2hhma                           
   7.0   2.0   5.0   7.5   3.5   8.2   2.0   6.8   6.0  10.8   1.5   4.2   3.8   5.2   3.5   7.2   5.2   7.0   1.2   2.2  400   1inp                            
  10.6   0.2   6.2   8.4   2.6   5.3   2.9   6.6   5.7  11.4   2.6   4.0   4.0   3.8   6.4   4.2   4.6   6.0   0.9   3.5  546   1dpi                            
   8.2   0.5   5.6   5.6   4.1   5.6   1.0   8.2   7.7   7.7   2.0   3.6   8.2   3.6   3.6   4.6   6.6   7.1   2.6   4.1  196   1har                            
   2.9   1.2   6.7   8.8   4.6   6.2   2.5   6.7   7.1   8.8   2.1   3.8   5.0   4.2   7.5   6.2   5.8   5.8   0.4   3.8  240   1bpb                            
   8.7   0.3   6.1   7.6   4.9   5.2   1.5   5.2   8.7  12.2   2.9   5.2   3.5   3.8   3.8   5.5   5.8   4.7   0.9   3.5  344   1hlea                           
   6.5   0.0   3.2   6.5  19.4   3.2   6.5   9.7   0.0   6.5   0.0  12.9   9.7   0.0   6.5   9.7   0.0   0.0   0.0   0.0  31   1hleb                            
   2.9   0.0   2.9   0.0  11.4   0.0   0.0  11.4   5.7   2.9   5.7   8.6   8.6   5.7   8.6   2.9  14.3   8.6   0.0   0.0  35   1achb                            
  14.7   0.0   7.6   6.1   2.5   8.1   1.0   8.6   9.6   9.6   3.0   5.6   1.5   1.0   2.5   5.6   2.5   7.1   1.5   1.5  197   1cola                           
  11.0   0.6   3.9   8.8   2.8   5.0   3.3   7.7   6.1   7.7   1.7   6.6   3.9   3.3   1.1   7.7   6.1   8.8   1.1   2.8  181   1ddt2                           
   7.0   0.4   5.2   7.0   5.7   5.7   1.7   3.9   5.7  10.5   1.7   5.2   3.1   5.2   4.4   7.4   4.8   7.0   2.6   5.7  229   1dlc1                           
   8.2   0.0   9.4   4.2   6.4  10.9   0.3   3.9   7.0   6.4   2.1   8.2   0.9   4.8   3.6   5.5   7.0   3.6   0.9   6.7  330   1pho                            
  13.0   0.0  11.3   5.6   5.0  12.6   0.7   2.7   3.3   8.0   3.0   2.7   1.7   1.0   2.3   7.0   7.0   7.6   0.3   5.3  301   2por                            
   9.9   0.0   2.0   3.6   8.6  11.9   2.3   5.3   0.7  12.3   3.3   4.0   3.6   2.6   4.0   6.3   4.3   5.6   6.6   3.0  302   1pcrm                           
   7.3   1.1   3.3   2.6   9.5  12.8   2.9   6.6   1.8  11.7   1.5   3.3   5.5   1.8   3.3   6.6   2.6   6.6   5.5   3.7  273   1prcl                           
   3.9  17.6   2.0   3.9   0.0  23.5   0.0   0.0   3.9   2.0   3.9   7.8   2.0   7.8   3.9   7.8   2.0   0.0   2.0   5.9  51   9wga1                            
  11.8  20.6   2.9   2.9   2.9  20.6   5.9   0.0   0.0   0.0   0.0   5.9   5.9   5.9   2.9   2.9   2.9   0.0   0.0   5.9  34   9wga2                            
   2.3  18.6   2.3   2.3   4.7  23.3   0.0   2.3   4.7   7.0   0.0   4.7   2.3   7.0   0.0  14.0   2.3   0.0   2.3   0.0  43   9wga3                            
   7.1  19.0   4.8   0.0   0.0  26.2   0.0   2.4   7.1   0.0   0.0   4.8   4.8   2.4   2.4   7.1   2.4   2.4   2.4   4.8  42   9wga4                            
  11.1  16.7   8.3   0.0   2.8   5.6   5.6   2.8   5.6   0.0   0.0   5.6   8.3   2.8   2.8   5.6   5.6   2.8   5.6   2.8  36   4cpai                            
   4.2  16.7   4.2   8.3   2.1  12.5   0.0   6.2   4.2   4.2   4.2   4.2   4.2   0.0   8.3   4.2   8.3   0.0   2.1   2.1  48   1oma                             
   4.6  12.3   3.1   9.2   1.5  13.8   0.0   0.0  12.3   7.7   0.0   4.6   6.2   1.5   0.0   6.2   4.6   1.5   1.5   9.2  65   2sn3                             
   4.7  12.5   6.2   4.7   1.6  10.9   3.1   1.6   7.8   3.1   0.0   6.2   4.7   1.6   4.7   3.1   4.7   6.2   1.6  10.9  64   1ptx                             
   0.0  16.2   0.0   2.7   2.7   2.7   2.7   0.0  10.8   2.7   2.7   8.1   0.0   2.7   8.1  13.5  10.8   5.4   2.7   2.7  37   2crd                             
   3.2  19.4   3.2   3.2   3.2   9.7   3.2   3.2   9.7  16.1   3.2   3.2   0.0   3.2   6.5   6.5   0.0   3.2   0.0   0.0  31   1scy                             
   2.8  22.2   8.3   0.0   2.8  13.9   2.8   0.0   8.3   2.8   8.3   0.0   5.6   5.6   8.3   0.0   5.6   0.0   0.0   2.8  36   1chl                             
   2.7  16.2   2.7   2.7   2.7  10.8   2.7   2.7  13.5   2.7   5.4   5.4   8.1   2.7   5.4   5.4   2.7   5.4   0.0   0.0  37   1ktx                             
  10.0  15.0   2.5   0.0   0.0  17.5   5.0   2.5   2.5  10.0   0.0  10.0   0.0   0.0   7.5   5.0   5.0   5.0   0.0   2.5  40   1ica                             
   4.3  17.0   2.1   2.1   4.3  14.9   0.0   4.3   8.5   0.0   2.1   6.4   4.3   8.5  12.8   4.3   0.0   2.1   2.1   0.0  47   2gps                             
   2.8  11.1   0.0   0.0   0.0  16.7   2.8   2.8   0.0   5.6   0.0   2.8   5.6  11.1   0.0  11.1  11.1   5.6   0.0  11.1  36   2cbh                             
   7.7  12.8   5.1   5.1   0.0   5.1   2.6  10.3   5.1  15.4   0.0   7.7   0.0   5.1   5.1  10.3   2.6   0.0   0.0   0.0  39   1lpba1                           
   2.2  10.9   2.2   8.7   4.3  10.9   2.2   4.3   4.3   6.5   0.0   8.7   2.2   0.0   2.2   8.7   8.7   6.5   0.0   6.5  46   1lpba2                           
   0.0  22.2   8.3   5.6   2.8   0.0   0.0   2.8  11.1   0.0   2.8   2.8  11.1   2.8   5.6  16.7   2.8   0.0   0.0   2.8  36   1tabi                            
   0.0  12.9   1.6   6.5   3.2   8.1   3.2   6.5   6.5   1.6   0.0   4.8   6.5   6.5   4.8  12.9   8.1   3.2   1.6   1.6  62   3ebx                             
   1.6  13.1   4.9   3.3   0.0   8.2   3.3   1.6   6.6   4.9   3.3   4.9   8.2   0.0   8.2   8.2   9.8   3.3   0.0   6.6  61   1fas                             
   5.0  13.3   1.7   1.7   0.0   3.3   0.0   5.0  16.7   8.3   5.0   8.3   6.7   0.0   3.3   5.0   3.3   8.3   0.0   5.0  60   1cdta                            
   5.7  14.3   7.1   4.3   4.3   1.4   1.4   1.4   8.6   8.6   0.0  11.4   2.9   2.9   2.9   2.9   8.6   4.3   1.4   5.7  70   1erh                             
  13.8   6.9   3.4   3.4   6.9  10.3   0.0   3.4   6.9   3.4   1.7   5.2   6.9   1.7  10.3   1.7   5.2   1.7   0.0   6.9  58   7pti                             
   3.6  10.9   7.3   7.3   5.5  10.9   0.0   3.6  12.7   3.6   0.0   5.5   3.6   1.8   3.6   3.6   5.5   1.8   3.6   5.5  55   1knt                             
   5.0  10.0  11.7   6.7   5.0  10.0   1.7   6.7   3.3   1.7   0.0   6.7   3.3   0.0   8.3   6.7   1.7   0.0   3.3   8.3  60   1tap                             
  10.0  20.0   3.3   3.3   3.3  10.0   0.0  10.0   0.0   3.3   0.0   0.0   3.3   3.3  13.3   0.0   3.3   0.0   3.3  10.0  30   1dfna                            
   2.6  15.8   0.0   0.0   2.6  13.2   0.0   7.9   2.6   2.6   2.6   2.6  13.2   2.6  13.2   5.3   2.6   7.9   2.6   0.0  38   1bnb                             
   2.4  14.3   2.4   0.0   2.4  16.7   2.4   4.8   4.8   4.8   0.0   4.8  11.9   0.0   4.8   4.8   4.8   0.0   4.8   9.5  42   2bds                             
  12.5  12.5  10.4   4.2   0.0   8.3   0.0   6.2  10.4   4.2   0.0   2.1   4.2   0.0   4.2   4.2   8.3   2.1   2.1   4.2  48   2sh1                             
   5.9  13.7   7.8   5.9   2.0   9.8   2.0   2.0   3.9   5.9   0.0   5.9   5.9   5.9   3.9   5.9   5.9   3.9   0.0   3.9  51   2hcgb                            
   2.4  14.3   9.5   9.5   4.8  16.7   4.8   2.4   7.1   2.4   0.0   4.8   2.4   4.8   2.4   2.4   7.1   0.0   0.0   2.4  42   1ccf                             
   0.0  11.3   7.5   3.8   0.0  11.3   1.9   3.8   0.0   7.5   1.9   5.7   3.8   1.9   7.5  11.3   3.8   3.8   3.8   9.4  53   3egf                             
   8.0  12.0   8.0   4.0   8.0   6.0  10.0   0.0   2.0   6.0   0.0   2.0   4.0   4.0   4.0   6.0   4.0  10.0   0.0   2.0  50   4tgf                             
   2.0   8.0   2.0   4.0   0.0   2.0   4.0   4.0   4.0   4.0   2.0   4.0   4.0  12.0  10.0  12.0   2.0  10.0   4.0   6.0  50   1tpn                             
  16.7   6.7   3.3  13.3   3.3   3.3   0.0   0.0   6.7   6.7   0.0  10.0   3.3   0.0   6.7   6.7   6.7   0.0   3.3   3.3  30   2pf11                            
   5.8   7.0   5.8   2.3   1.2   9.3   5.8   0.0   4.7   8.1   2.3   5.8   5.8   5.8   8.1   3.5   4.7   5.8   2.3   5.8  86   1urk2                            
   4.0  12.0   4.0   6.0   4.0   8.0   2.0   0.0   8.0   8.0   0.0  10.0   6.0   0.0   2.0   8.0   8.0   4.0   0.0   6.0  50   3sgbi                            
   1.8  10.7   1.8   7.1   0.0   7.1   0.0   5.4   7.1   3.6   0.0   5.4   8.9   5.4   3.6  10.7  10.7   7.1   0.0   3.6  56   1tgsi                            
   9.8  15.7   3.9   2.0   2.0   7.8   2.0   5.9   9.8   2.0   0.0   7.8  11.8   2.0   2.0   5.9   2.0   0.0   0.0   7.8  51   4sgbi                            
   5.7  13.2   5.7   0.0   7.5   7.5   0.0   1.9   5.7   1.9   0.0   3.8  13.2   7.5   5.7   7.5   3.8   5.7   1.9   0.0  53   1pspa1                           
   5.7  13.2   5.7  11.3   5.7   3.8   1.9   3.8   1.9   0.0   3.8   3.8   9.4   1.9   3.8   9.4   1.9   7.5   1.9   3.8  53   1pspa2                           
   7.0   9.3   1.2   8.1   3.5   1.2   1.2   5.8   8.1   4.7   1.2   3.5   7.0   5.8   9.3   2.3   7.0  12.8   1.2   0.0  86   1pdga                            
   7.1   8.0   5.4   3.6   2.7   3.6   1.8   6.2   6.2   9.8   0.9   6.2   6.2   3.6   3.6   8.9   3.6   3.6   2.7   6.2  112   2tgi                            
   7.5   5.6   5.6   5.6   5.6   4.7   1.9   4.7   7.5   2.8   0.0   4.7   0.9   1.9   5.6   8.4  11.2  11.2   2.8   1.9  107   1bet                            
   4.7  11.8   1.2   4.7   4.7   4.7   2.4   1.2   5.9   4.7   3.5   4.7   7.1   5.9   3.5   8.2   9.4   7.1   0.0   4.7  85   1hcna                            
   6.4  10.9   3.6   3.6   0.9   6.4   0.9   3.6   2.7   8.2   0.9   3.6  10.9   2.7   9.1   3.6   8.2  10.9   0.0   2.7  110   1hcnb                           
   0.0   9.2   6.2  12.3   1.5  13.8   1.5   3.1   4.6   6.2   0.0   7.7   4.6   7.7   0.0   6.2   6.2   6.2   0.0   3.1  65   1hrti                            
   5.1  15.4  12.8   7.7   2.6   7.7   0.0   0.0   5.1   5.1   0.0   2.6  15.4  10.3   7.7   0.0   0.0   0.0   0.0   2.6  39   1dec                             
  11.0   6.8   8.5   4.2   2.5   7.6   6.8   2.5  14.4   4.2   0.8   2.5   6.8   2.5   0.8   2.5   9.3   5.1   0.0   0.8  118   2cy3                            
  11.2   7.5   7.5   2.8   1.9   9.3   8.4   0.0  18.7   2.8   2.8   3.7   3.7   1.9   0.0   4.7   5.6   4.7   0.0   2.8  107   2cdv                            
  16.1   6.5   4.8   0.0   4.8  14.5   0.0   4.8  11.3   0.0   1.6   6.5   6.5   4.8   1.6   3.2   4.8   4.8   0.0   3.2  62   1isua                            
  22.4   4.7   5.9   4.7   2.4   7.1   1.2   2.4   5.9   5.9   1.2   5.9   5.9   5.9   2.4   3.5   4.7   3.5   3.5   1.2  85   1hip                             
  14.1   5.6   8.5  11.3   2.8   9.9   5.6   0.0   1.4   2.8   0.0   2.8   5.6   4.2   4.2   4.2   1.4   7.0   4.2   4.2  71   2hipa                            
   0.0   8.1   0.0   5.4   5.4   2.7  10.8   2.7  10.8   0.0   0.0   5.4   0.0   0.0  10.8   8.1  10.8  10.8   0.0   8.1  37   2drpa1                           
  13.3   6.7   3.3   0.0   3.3   6.7   6.7   6.7   6.7  13.3   0.0   6.7   0.0   3.3  13.3   3.3   3.3   0.0   0.0   3.3  30   1paa                             
   3.3   6.7   0.0   0.0   6.7   3.3  10.0   0.0  23.3   3.3   3.3   6.7   3.3   0.0   3.3  13.3   6.7   0.0   0.0   6.7  30   4znf                             
   3.3   6.7   3.3   6.7   0.0   0.0   6.7   3.3  20.0   3.3   0.0   3.3   0.0   6.7   3.3  13.3  10.0   0.0   0.0  10.0  30   5znf                             
   3.3   6.7   3.3   0.0   0.0   6.7   1.7   1.7   6.7   6.7   3.3   6.7   5.0   5.0  11.7   8.3  11.7   6.7   1.7   3.3  60   1gata                            
   8.5  14.1   4.2   4.2   2.8   8.5   2.8   4.2   7.0   7.0   1.4   5.6   1.4   2.8   9.9   4.2   1.4   5.6   0.0   4.2  71   1rgd                             
   2.0  12.0   4.0   4.0   6.0   8.0   0.0   0.0  12.0   2.0   2.0   6.0   2.0   6.0   4.0   2.0  18.0   6.0   2.0   2.0  50   1tfi                             
   9.6   7.7   7.7   7.7   3.8   0.0   3.8   5.8   5.8   5.8   0.0   7.7   3.8   0.0   5.8  11.5   0.0  11.5   0.0   1.9  52   2atcb2                           
   9.8   7.8  11.8   7.8   3.9   9.8   0.0   0.0   7.8   2.0   0.0   2.0  11.8   0.0   0.0   3.9   3.9   9.8   2.0   5.9  51   8rxna                            
  10.0  30.0   6.7   3.3   0.0   6.7   0.0   0.0  13.3   0.0   3.3   3.3   3.3   0.0   0.0  13.3   6.7   0.0   0.0   0.0  30   2mhu                             
  12.9  35.5   3.2   0.0   0.0   9.7   0.0   3.2  12.9   0.0   0.0   0.0   6.5   3.2   0.0  12.9   0.0   0.0   0.0   0.0  31   1mrb                             
   3.2  29.0   0.0   6.5   0.0   3.2   0.0   0.0  19.4   0.0   0.0   0.0   9.7   3.2   0.0  12.9  12.9   0.0   0.0   0.0  31   1dmc                             
   5.6   0.0   0.0   0.0   2.8  22.2   0.0   0.0  16.7   5.6   0.0   0.0   8.3   8.3  16.7   2.8   2.8   2.8   2.8   2.8  36   2bpa3                            
  12.5   0.0   7.5   2.5   2.5   5.0   0.0   2.5  10.0  10.0   5.0   5.0   7.5   2.5   0.0  15.0   5.0   2.5   0.0   5.0  40   4rhv4                            
  10.4   0.0   1.5   1.5   4.5  11.9   0.0   6.0   4.5  16.4   7.5   0.0   6.0   1.5   1.5   1.5  10.4   6.0   3.0   6.0  67   1bhb                             
   7.2   0.0   1.4   4.3   5.8   8.7   0.0   7.2   2.9  14.5   2.9   2.9   4.3   0.0   5.8   7.2   4.3  15.9   2.9   1.4  69   1bct                             